# <Transmitter Set: Tx: 3 indoor wifi - Point 1> 
# <Receiver Set: Rx: 4 wifi small Rx > 
# <X(m)> <Y(m)> <Z(m)> <Distance(m)> <Power(dBm)> <Phase(deg)>
1 -9.5 -9.5 1.5 13.435 -92.2303 110.198
2 -8.5 -9.5 1.5 12.7475 -100.389 147.05
3 -7.5 -9.5 1.5 12.1037 -96.8086 106.27
4 -6.5 -9.5 1.5 11.5109 -99.4069 91.8855
5 -5.5 -9.5 1.5 10.9772 -111.168 58.5699
6 -4.5 -9.5 1.5 10.5119 -102.325 -160.82
7 -3.5 -9.5 1.5 10.1242 -101.035 -126.814
8 -2.5 -9.5 1.5 9.82344 -101.37 -119.933
9 -1.5 -9.5 1.5 9.61769 -98.5011 -151.01
10 -0.5 -9.5 1.5 9.51315 -94.1996 147.328
11 0.5 -9.5 1.5 9.51315 -94.3894 137.797
12 1.5 -9.5 1.5 9.61769 -94.9539 125.442
13 2.5 -9.5 1.5 9.82344 -97.5311 81.6714
14 3.5 -9.5 1.5 10.1242 -90.3146 137.618
15 4.5 -9.5 1.5 10.5119 -96.7185 143.977
16 5.5 -9.5 1.5 10.9772 -103.898 -156.307
17 6.5 -9.5 1.5 11.5109 -100.203 -113.879
18 7.5 -9.5 1.5 12.1037 -97.1842 -16.5697
19 8.5 -9.5 1.5 12.7475 -94.0564 66.6024
20 9.5 -9.5 1.5 13.435 -95.7138 -67.0774
21 -9.5 -8.5 1.5 12.7475 -108.141 -10.094
22 -8.5 -8.5 1.5 12.0208 -112.481 -56.1566
23 -7.5 -8.5 1.5 11.3358 -99.8089 -154.798
24 -6.5 -8.5 1.5 10.7005 -113.087 -124.717
25 -5.5 -8.5 1.5 10.1242 -102.319 -8.89951
26 -4.5 -8.5 1.5 9.61769 -94.5488 -31.2012
27 -3.5 -8.5 1.5 9.19239 -90.4628 42.9438
28 -2.5 -8.5 1.5 8.86002 -99.3649 77.8522
29 -1.5 -8.5 1.5 8.63134 -104.832 11.2655
30 -0.5 -8.5 1.5 8.51469 -95.2468 152.796
31 0.5 -8.5 1.5 8.51469 -91.5922 0.27634
32 1.5 -8.5 1.5 8.63134 -97.7002 121.227
33 2.5 -8.5 1.5 8.86002 -89.6228 -92.5334
34 3.5 -8.5 1.5 9.19239 -100.557 -90.8456
35 4.5 -8.5 1.5 9.61769 -90.339 52.6446
36 5.5 -8.5 1.5 10.1242 -93.1209 -83.4738
37 6.5 -8.5 1.5 10.7005 -94.8049 -146.962
38 7.5 -8.5 1.5 11.3358 -93.3972 -103.607
39 8.5 -8.5 1.5 12.0208 -93.1076 57.8644
40 9.5 -8.5 1.5 12.7475 -92.9781 -3.79302
41 -9.5 -7.5 1.5 12.1037 -108.706 -84.1026
42 -8.5 -7.5 1.5 11.3358 -112.551 -36.3059
43 -7.5 -7.5 1.5 10.6066 -105.547 -67.6059
44 -6.5 -7.5 1.5 9.92472 -97.1189 75.7692
45 -5.5 -7.5 1.5 9.30054 -99.5682 -150.063
46 -4.5 -7.5 1.5 8.74643 -99.9984 -149.093
47 -3.5 -7.5 1.5 8.27647 -90.6505 140.597
48 -2.5 -7.5 1.5 7.90569 -104.289 55.0594
49 -1.5 -7.5 1.5 7.64853 -97.016 152.56
50 -0.5 -7.5 1.5 7.51665 -97.3354 25.4158
51 0.5 -7.5 1.5 7.51665 -94.7967 6.57362
52 1.5 -7.5 1.5 7.64853 -87.0312 107.714
53 2.5 -7.5 1.5 7.90569 -93.4671 144.339
54 3.5 -7.5 1.5 8.27647 -92.5509 -152.002
55 4.5 -7.5 1.5 8.74643 -92.3716 -44.7895
56 5.5 -7.5 1.5 9.30054 -91.9162 100.524
57 6.5 -7.5 1.5 9.92472 -92.1456 45.4306
58 7.5 -7.5 1.5 10.6066 -92.7375 122.169
59 8.5 -7.5 1.5 11.3358 -93.3803 -10.4642
60 9.5 -7.5 1.5 12.1037 -93.481 43.9237
61 -9.5 -6.5 1.5 11.5109 -107.765 138.475
62 -8.5 -6.5 1.5 10.7005 -98.8937 118.887
63 -7.5 -6.5 1.5 9.92472 -99.2718 112.965
64 -6.5 -6.5 1.5 9.19239 -95.3227 89.0051
65 -5.5 -6.5 1.5 8.51469 -90.6525 -87.2161
66 -4.5 -6.5 1.5 7.90569 -95.2864 35.2843
67 -3.5 -6.5 1.5 7.38241 -91.3624 -156.721
68 -2.5 -6.5 1.5 6.96419 -114.857 -105.746
69 -1.5 -6.5 1.5 6.67083 -90.83 61.2315
70 -0.5 -6.5 1.5 6.5192 -101.632 -87.7782
71 0.5 -6.5 1.5 6.5192 -93.4134 91.9925
72 1.5 -6.5 1.5 6.67083 -92.47 -73.7887
73 2.5 -6.5 1.5 6.96419 -95.7129 153.022
74 3.5 -6.5 1.5 7.38241 -90.8639 98.7426
75 4.5 -6.5 1.5 7.90569 -93.3532 158.304
76 5.5 -6.5 1.5 8.51469 -90.9284 -14.5815
77 6.5 -6.5 1.5 9.19239 -93.553 -27.3811
78 7.5 -6.5 1.5 9.92472 -90.7242 156.266
79 8.5 -6.5 1.5 10.7005 -92.4729 171.462
80 9.5 -6.5 1.5 11.5109 -92.9938 43.595
81 -9.5 -5.5 1.5 10.9772 -86.4581 -60.3275
82 -8.5 -5.5 1.5 10.1242 -95.4685 -76.6368
83 -7.5 -5.5 1.5 9.30054 -92.3845 -3.67304
84 -6.5 -5.5 1.5 8.51469 -94.6667 -147.712
85 -5.5 -5.5 1.5 7.77817 -91.8043 69.2191
86 -4.5 -5.5 1.5 7.10634 -90.5044 111.089
87 -3.5 -5.5 1.5 6.5192 -108.891 173.481
88 -2.5 -5.5 1.5 6.04152 -108.274 -154.694
89 -1.5 -5.5 1.5 5.70088 -99.3719 -160.976
90 -0.5 -5.5 1.5 5.52268 -104.249 -65.3061
91 0.5 -5.5 1.5 5.52268 -92.9519 -14.0661
92 1.5 -5.5 1.5 5.70088 -91.3952 25.5247
93 2.5 -5.5 1.5 6.04152 -91.9099 -160.849
94 3.5 -5.5 1.5 6.5192 -92.8155 150.654
95 4.5 -5.5 1.5 7.10634 -91.7231 -104.156
96 5.5 -5.5 1.5 7.77817 -92.7554 -174.09
97 6.5 -5.5 1.5 8.51469 -91.0441 -43.2773
98 7.5 -5.5 1.5 9.30054 -92.3799 -55.1974
99 8.5 -5.5 1.5 10.1242 -98.1136 -119.057
100 9.5 -5.5 1.5 10.9772 -99.4989 17.4686
101 -9.5 -4.5 1.5 10.5119 -82.0417 -11.0035
102 -8.5 -4.5 1.5 9.61769 -86.7015 -26.8324
103 -7.5 -4.5 1.5 8.74643 -91.7916 48.3822
104 -6.5 -4.5 1.5 7.90569 -88.2869 17.1556
105 -5.5 -4.5 1.5 7.10634 -90.5093 156.828
106 -4.5 -4.5 1.5 6.36396 -99.5544 169.703
107 -3.5 -4.5 1.5 5.70088 -96.6673 61.8397
108 -2.5 -4.5 1.5 5.14782 -97.6773 -71.9704
109 -1.5 -4.5 1.5 4.74342 -97.8741 150.737
110 -0.5 -4.5 1.5 4.52769 -96.8122 -0.486503
111 0.5 -4.5 1.5 4.52769 -93.242 -33.4326
112 1.5 -4.5 1.5 4.74342 -93.7136 -4.89023
113 2.5 -4.5 1.5 5.14782 -91.0081 -125.905
114 3.5 -4.5 1.5 5.70088 -85.2616 -88.0755
115 4.5 -4.5 1.5 6.36396 -108.072 71.7647
116 5.5 -4.5 1.5 7.10634 -86.5002 -57.0926
117 6.5 -4.5 1.5 7.90569 -86.5742 -107.037
118 7.5 -4.5 1.5 8.74643 -91.3856 120.718
119 8.5 -4.5 1.5 9.61769 -95.182 -92.8762
120 9.5 -4.5 1.5 10.5119 -96.638 -34.5856
121 -9.5 -3.5 1.5 10.1242 -87.4233 -160.73
122 -8.5 -3.5 1.5 9.19239 -79.7793 73.3894
123 -7.5 -3.5 1.5 8.27647 -82.7877 145.045
124 -6.5 -3.5 1.5 7.38241 -86.2875 -135.587
125 -5.5 -3.5 1.5 6.5192 -88.1306 -134.33
126 -4.5 -3.5 1.5 5.70088 -91.581 67.8502
127 -3.5 -3.5 1.5 4.94975 -94.456 178.584
128 -2.5 -3.5 1.5 4.30116 -103.727 176.662
129 -1.5 -3.5 1.5 3.80789 -85.5907 178.881
130 -0.5 -3.5 1.5 3.53553 -86.6592 -93.7705
131 0.5 -3.5 1.5 3.53553 -92.8227 -149.288
132 1.5 -3.5 1.5 3.80789 -88.2944 48.5054
133 2.5 -3.5 1.5 4.30116 -86.685 103.118
134 3.5 -3.5 1.5 4.94975 -90.4072 65.9758
135 4.5 -3.5 1.5 5.70088 -88.1691 114.823
136 5.5 -3.5 1.5 6.5192 -90.115 -93.7619
137 6.5 -3.5 1.5 7.38241 -87.2658 171.145
138 7.5 -3.5 1.5 8.27647 -86.5157 33.0608
139 8.5 -3.5 1.5 9.19239 -87.6697 173.717
140 9.5 -3.5 1.5 10.1242 -90.1928 -99.9715
141 -9.5 -2.5 1.5 9.82344 -78.9689 -42.8885
142 -8.5 -2.5 1.5 8.86002 -78.1705 -83.4066
143 -7.5 -2.5 1.5 7.90569 -76.5642 -78.6448
144 -6.5 -2.5 1.5 6.96419 -76.4747 87.0784
145 -5.5 -2.5 1.5 6.04152 -79.1645 20.1173
146 -4.5 -2.5 1.5 5.14782 -79.5178 -61.1041
147 -3.5 -2.5 1.5 4.30116 -100.488 64.349
148 -2.5 -2.5 1.5 3.53553 -85.4477 -88.3793
149 -1.5 -2.5 1.5 2.91548 -101.075 -103.384
150 -0.5 -2.5 1.5 2.54951 -84.8415 20.6966
151 0.5 -2.5 1.5 2.54951 -83.3346 163.799
152 1.5 -2.5 1.5 2.91548 -83.7247 -127.474
153 2.5 -2.5 1.5 3.53553 -85.7444 -124.579
154 3.5 -2.5 1.5 4.30116 -101.525 43.7093
155 4.5 -2.5 1.5 5.14782 -86.3367 -148.621
156 5.5 -2.5 1.5 6.04152 -97.8567 -26.995
157 6.5 -2.5 1.5 6.96419 -86.5852 -29.4829
158 7.5 -2.5 1.5 7.90569 -84.7624 -105.764
159 8.5 -2.5 1.5 8.86002 -85.3133 132.673
160 9.5 -2.5 1.5 9.82344 -85.9917 -18.5776
161 -9.5 -1.5 1.5 9.61769 -80.4815 1.30435
162 -8.5 -1.5 1.5 8.63134 -76.8959 145.034
163 -7.5 -1.5 1.5 7.64853 -75.0721 110.427
164 -6.5 -1.5 1.5 6.67083 -76.5785 -26.1357
165 -5.5 -1.5 1.5 5.70088 -76.4583 60.5674
166 -4.5 -1.5 1.5 4.74342 -76.6968 -57.6703
167 -3.5 -1.5 1.5 3.80789 -73.8758 47.0813
168 -2.5 -1.5 1.5 2.91548 -78.7657 -73.9337
169 -1.5 -1.5 1.5 2.12132 -90.0949 42.683
170 -0.5 -1.5 1.5 1.58114 -92.1263 113.755
171 0.5 -1.5 1.5 1.58114 -84.324 -80.6948
172 1.5 -1.5 1.5 2.12132 -84.5774 32.9924
173 2.5 -1.5 1.5 2.91548 -88.4485 110.089
174 3.5 -1.5 1.5 3.80789 -91.0616 -44.1139
175 4.5 -1.5 1.5 4.74342 -85.4338 -66.4036
176 5.5 -1.5 1.5 5.70088 -91.3445 85.7659
177 6.5 -1.5 1.5 6.67083 -89.8276 -38.817
178 7.5 -1.5 1.5 7.64853 -85.6942 53.0815
179 8.5 -1.5 1.5 8.63134 -86.161 109.529
180 9.5 -1.5 1.5 9.61769 -87.82 147.106
181 -9.5 -0.5 1.5 9.51315 -78.1098 -27.213
182 -8.5 -0.5 1.5 8.51469 -75.8742 -80.3666
183 -7.5 -0.5 1.5 7.51665 -73.8129 -138.501
184 -6.5 -0.5 1.5 6.5192 -71.7339 122.575
185 -5.5 -0.5 1.5 5.52268 -74.5476 -53.7762
186 -4.5 -0.5 1.5 4.52769 -68.7419 23.0994
187 -3.5 -0.5 1.5 3.53553 -69.2229 -118.24
188 -2.5 -0.5 1.5 2.54951 -65.6192 29.7
189 -1.5 -0.5 1.5 1.58114 -64.0204 -18.6264
190 -0.5 -0.5 1.5 0.707107 -82.7225 -28.6719
191 0.5 -0.5 1.5 0.707107 -87.686 -178.401
192 1.5 -0.5 1.5 1.58114 -86.9871 124.869
193 2.5 -0.5 1.5 2.54951 -92.4419 36.0269
194 3.5 -0.5 1.5 3.53553 -89.966 120.615
195 4.5 -0.5 1.5 4.52769 -85.3466 -22.8194
196 5.5 -0.5 1.5 5.52268 -89.7075 6.25785
197 6.5 -0.5 1.5 6.5192 -94.0948 159.19
198 7.5 -0.5 1.5 7.51665 -86.0421 151.881
199 8.5 -0.5 1.5 8.51469 -85.1833 118.422
200 9.5 -0.5 1.5 9.51315 -85.9675 69.4396
201 -9.5 0.5 1.5 9.51315 -79.7968 -29.3996
202 -8.5 0.5 1.5 8.51469 -75.4165 -73.3751
203 -7.5 0.5 1.5 7.51665 -73.5788 -137.858
204 -6.5 0.5 1.5 6.5192 -71.9304 123.809
205 -5.5 0.5 1.5 5.52268 -74.8394 -55.0469
206 -4.5 0.5 1.5 4.52769 -68.5745 23.7443
207 -3.5 0.5 1.5 3.53553 -69.1567 -117.694
208 -2.5 0.5 1.5 2.54951 -65.6821 29.0405
209 -1.5 0.5 1.5 1.58114 -64.084 -18.3701
210 -0.5 0.5 1.5 0.707107 -82.9674 -29.9495
211 0.5 0.5 1.5 0.707107 -85.9928 -165.582
212 1.5 0.5 1.5 1.58114 -87.101 123.49
213 2.5 0.5 1.5 2.54951 -91.0584 38.8232
214 3.5 0.5 1.5 3.53553 -89.3251 115.616
215 4.5 0.5 1.5 4.52769 -86.0898 -22.1054
216 5.5 0.5 1.5 5.52268 -90.757 5.13685
217 6.5 0.5 1.5 6.5192 -95.1308 167.845
218 7.5 0.5 1.5 7.51665 -87.2592 150.574
219 8.5 0.5 1.5 8.51469 -84.8875 111.729
220 9.5 0.5 1.5 9.51315 -85.6018 74.5672
221 -9.5 1.5 1.5 9.61769 -80.3811 2.47835
222 -8.5 1.5 1.5 8.63134 -75.8139 150.807
223 -7.5 1.5 1.5 7.64853 -75.2346 108.694
224 -6.5 1.5 1.5 6.67083 -76.9538 -28.9797
225 -5.5 1.5 1.5 5.70088 -76.187 58.9504
226 -4.5 1.5 1.5 4.74342 -76.8692 -56.314
227 -3.5 1.5 1.5 3.80789 -74.1082 47.0309
228 -2.5 1.5 1.5 2.91548 -78.7439 -73.7613
229 -1.5 1.5 1.5 2.12132 -88.2856 29.5598
230 -0.5 1.5 1.5 1.58114 -90.6299 130.293
231 0.5 1.5 1.5 1.58114 -84.4505 -74.5899
232 1.5 1.5 1.5 2.12132 -85.2911 35.0373
233 2.5 1.5 1.5 2.91548 -89.3589 96.655
234 3.5 1.5 1.5 3.80789 -93.493 -36.9209
235 4.5 1.5 1.5 4.74342 -84.7403 -72.1874
236 5.5 1.5 1.5 5.70088 -92.1907 75.1458
237 6.5 1.5 1.5 6.67083 -91.4606 -26.2725
238 7.5 1.5 1.5 7.64853 -86.0791 63.6929
239 8.5 1.5 1.5 8.63134 -85.5082 118.927
240 9.5 1.5 1.5 9.61769 -86.6988 156.963
241 -9.5 2.5 1.5 9.82344 -79.6591 -45.508
242 -8.5 2.5 1.5 8.86002 -77.8594 -83.045
243 -7.5 2.5 1.5 7.90569 -75.9282 -80.0724
244 -6.5 2.5 1.5 6.96419 -76.2881 86.9002
245 -5.5 2.5 1.5 6.04152 -78.8322 15.8662
246 -4.5 2.5 1.5 5.14782 -80.0493 -59.4741
247 -3.5 2.5 1.5 4.30116 -104.21 83.064
248 -2.5 2.5 1.5 3.53553 -84.7776 -78.1084
249 -1.5 2.5 1.5 2.91548 -98.8403 -133.105
250 -0.5 2.5 1.5 2.54951 -85.0871 10.8626
251 0.5 2.5 1.5 2.54951 -84.6931 166.356
252 1.5 2.5 1.5 2.91548 -84.3127 -125.623
253 2.5 2.5 1.5 3.53553 -85.5753 -128.758
254 3.5 2.5 1.5 4.30116 -101.09 113.954
255 4.5 2.5 1.5 5.14782 -85.0731 -150.391
256 5.5 2.5 1.5 6.04152 -102.796 -94.7278
257 6.5 2.5 1.5 6.96419 -87.9666 -27.2213
258 7.5 2.5 1.5 7.90569 -85.7452 -105.277
259 8.5 2.5 1.5 8.86002 -86.1797 130.466
260 9.5 2.5 1.5 9.82344 -87.8114 -23.5045
261 -9.5 3.5 1.5 10.1242 -89.5853 -157.438
262 -8.5 3.5 1.5 9.19239 -80.3497 74.6999
263 -7.5 3.5 1.5 8.27647 -82.9843 146.58
264 -6.5 3.5 1.5 7.38241 -85.1923 -136.895
265 -5.5 3.5 1.5 6.5192 -87.0183 170.947
266 -4.5 3.5 1.5 5.70088 -92.9542 -35.928
267 -3.5 3.5 1.5 4.94975 -95.3657 94.4641
268 -2.5 3.5 1.5 4.30116 -89.8968 63.0844
269 -1.5 3.5 1.5 3.80789 -86.2994 179.214
270 -0.5 3.5 1.5 3.53553 -87.6347 -85.7308
271 0.5 3.5 1.5 3.53553 -92.5335 -131.401
272 1.5 3.5 1.5 3.80789 -89.7317 47.3161
273 2.5 3.5 1.5 4.30116 -86.0711 110.223
274 3.5 3.5 1.5 4.94975 -88.3643 64.3564
275 4.5 3.5 1.5 5.70088 -87.9787 124.651
276 5.5 3.5 1.5 6.5192 -92.9579 -95.8648
277 6.5 3.5 1.5 7.38241 -85.9323 175.096
278 7.5 3.5 1.5 8.27647 -86.8102 25.2916
279 8.5 3.5 1.5 9.19239 -88.2668 171.243
280 9.5 3.5 1.5 10.1242 -90.5644 -92.6519
281 -9.5 4.5 1.5 10.5119 -82.0687 -9.33499
282 -8.5 4.5 1.5 9.61769 -87.2227 -25.61
283 -7.5 4.5 1.5 8.74643 -88.1139 135.98
284 -6.5 4.5 1.5 7.90569 -87.6621 -23.8755
285 -5.5 4.5 1.5 7.10634 -92.396 -157.843
286 -4.5 4.5 1.5 6.36396 -89.7965 -101.302
287 -3.5 4.5 1.5 5.70088 -88.4037 15.8634
288 -2.5 4.5 1.5 5.14782 -86.9616 153.992
289 -1.5 4.5 1.5 4.74342 -96.8755 131.684
290 -0.5 4.5 1.5 4.52769 -90.946 99.863
291 0.5 4.5 1.5 4.52769 -88.5829 -3.19094
292 1.5 4.5 1.5 4.74342 -93.1999 61.8218
293 2.5 4.5 1.5 5.14782 -96.6442 159.241
294 3.5 4.5 1.5 5.70088 -85.5696 -93.1322
295 4.5 4.5 1.5 6.36396 -103.732 104.718
296 5.5 4.5 1.5 7.10634 -87.2007 -55.1267
297 6.5 4.5 1.5 7.90569 -86.5812 -101.194
298 7.5 4.5 1.5 8.74643 -90.7892 127.288
299 8.5 4.5 1.5 9.61769 -94.4259 -77.6005
300 9.5 4.5 1.5 10.5119 -98.2427 -17.3991
301 -9.5 5.5 1.5 10.9772 -85.8842 -50.23
302 -8.5 5.5 1.5 10.1242 -89.8209 -93.7103
303 -7.5 5.5 1.5 9.30054 -94.7035 -16.2051
304 -6.5 5.5 1.5 8.51469 -92.8747 -157.731
305 -5.5 5.5 1.5 7.77817 -92.654 85.0335
306 -4.5 5.5 1.5 7.10634 -92.5401 101.188
307 -3.5 5.5 1.5 6.5192 -92.623 -13.5034
308 -2.5 5.5 1.5 6.04152 -92.4116 174.995
309 -1.5 5.5 1.5 5.70088 -87.7618 16.0949
310 -0.5 5.5 1.5 5.52268 -89.3107 -60.0467
311 0.5 5.5 1.5 5.52268 -89.0616 -69.3282
312 1.5 5.5 1.5 5.70088 -86.8319 21.0148
313 2.5 5.5 1.5 6.04152 -89.222 -116.764
314 3.5 5.5 1.5 6.5192 -91.5254 99.5067
315 4.5 5.5 1.5 7.10634 -89.9026 -69.5949
316 5.5 5.5 1.5 7.77817 -87.1976 170.117
317 6.5 5.5 1.5 8.51469 -91.8824 -93.713
318 7.5 5.5 1.5 9.30054 -106.774 -57.7805
319 8.5 5.5 1.5 10.1242 -99.1764 -143.675
320 9.5 5.5 1.5 10.9772 -98.9712 -12.5799
321 -9.5 6.5 1.5 11.5109 -99.8938 -53.0565
322 -8.5 6.5 1.5 10.7005 -96.4794 135.321
323 -7.5 6.5 1.5 9.92472 -96.8492 132.806
324 -6.5 6.5 1.5 9.19239 -95.336 104.582
325 -5.5 6.5 1.5 8.51469 -94.8344 -100.328
326 -4.5 6.5 1.5 7.90569 -94.4831 13.4386
327 -3.5 6.5 1.5 7.38241 -94.1976 -156.069
328 -2.5 6.5 1.5 6.96419 -94.0621 -152.865
329 -1.5 6.5 1.5 6.67083 -94.0437 101.037
330 -0.5 6.5 1.5 6.5192 -94.2159 -49.1699
331 0.5 6.5 1.5 6.5192 -90.0262 126.51
332 1.5 6.5 1.5 6.67083 -103.619 -6.24034
333 2.5 6.5 1.5 6.96419 -89.5803 114.874
334 3.5 6.5 1.5 7.38241 -92.181 143.747
335 4.5 6.5 1.5 7.90569 -87.8902 135.33
336 5.5 6.5 1.5 8.51469 -97.2121 -62.7919
337 6.5 6.5 1.5 9.19239 -97.9509 23.4265
338 7.5 6.5 1.5 9.92472 -91.1244 -156.871
339 8.5 6.5 1.5 10.7005 -89.5995 -158.284
340 9.5 6.5 1.5 11.5109 -90.6874 77.7284
341 -9.5 7.5 1.5 12.1037 -99.5881 -115.207
342 -8.5 7.5 1.5 11.3358 -100.735 98.8775
343 -7.5 7.5 1.5 10.6066 -100.468 -150.504
344 -6.5 7.5 1.5 9.92472 -98.0512 62.2003
345 -5.5 7.5 1.5 9.30054 -97.2548 -101.816
346 -4.5 7.5 1.5 8.74643 -96.6513 -120.27
347 -3.5 7.5 1.5 8.27647 -96.1848 145.244
348 -2.5 7.5 1.5 7.90569 -95.8974 88.279
349 -1.5 7.5 1.5 7.64853 -95.6226 161.935
350 -0.5 7.5 1.5 7.51665 -95.4455 85.3438
351 0.5 7.5 1.5 7.51665 -98.6291 1.12839
352 1.5 7.5 1.5 7.64853 -89.1128 105.84
353 2.5 7.5 1.5 7.90569 -94.8894 -148.948
354 3.5 7.5 1.5 8.27647 -89.0433 -179.742
355 4.5 7.5 1.5 8.74643 -104.339 -119.246
356 5.5 7.5 1.5 9.30054 -91.6315 156.756
357 6.5 7.5 1.5 9.92472 -88.7306 60.3522
358 7.5 7.5 1.5 10.6066 -88.5276 122.132
359 8.5 7.5 1.5 11.3358 -88.0331 -12.1887
360 9.5 7.5 1.5 12.1037 -88.708 44.8302
361 -9.5 8.5 1.5 12.7475 -106.408 145.31
362 -8.5 8.5 1.5 12.0208 -103.979 9.09169
363 -7.5 8.5 1.5 11.3358 -103.91 -114.75
364 -6.5 8.5 1.5 10.7005 -101.831 52.9208
365 -5.5 8.5 1.5 10.1242 -99.8745 13.4395
366 -4.5 8.5 1.5 9.61769 -99.011 -45.3902
367 -3.5 8.5 1.5 9.19239 -98.3253 31.0346
368 -2.5 8.5 1.5 8.86002 -97.8571 11.19
369 -1.5 8.5 1.5 8.63134 -97.3977 3.33724
370 -0.5 8.5 1.5 8.51469 -97.0879 96.7635
371 0.5 8.5 1.5 8.51469 -90.4319 20.0448
372 1.5 8.5 1.5 8.63134 -95.7292 100.261
373 2.5 8.5 1.5 8.86002 -92.2775 -69.5194
374 3.5 8.5 1.5 9.19239 -98.8645 -130.384
375 4.5 8.5 1.5 9.61769 -90.3316 50.489
376 5.5 8.5 1.5 10.1242 -89.9942 -97.7493
377 6.5 8.5 1.5 10.7005 -91.5455 -175.387
378 7.5 8.5 1.5 11.3358 -94.5816 -145.735
379 8.5 8.5 1.5 12.0208 -93.8098 15.5124
380 9.5 8.5 1.5 12.7475 -92.8013 -47.5611
381 -9.5 9.5 1.5 13.435 -110.666 58.3969
382 -8.5 9.5 1.5 12.7475 -107.951 -114.431
383 -7.5 9.5 1.5 12.1037 -105.786 -91.464
384 -6.5 9.5 1.5 11.5109 -104.486 59.8732
385 -5.5 9.5 1.5 10.9772 -101.567 163.291
386 -4.5 9.5 1.5 10.5119 -101.552 134.521
387 -3.5 9.5 1.5 10.1242 -100.623 88.0575
388 -2.5 9.5 1.5 9.82344 -99.8238 177.051
389 -1.5 9.5 1.5 9.61769 -99.3107 160.547
390 -0.5 9.5 1.5 9.51315 -98.8633 140.475
391 0.5 9.5 1.5 9.51315 -94.1061 159.149
392 1.5 9.5 1.5 9.61769 -96.5242 118.496
393 2.5 9.5 1.5 9.82344 -93.7177 82.8474
394 3.5 9.5 1.5 10.1242 -91.4261 138.524
395 4.5 9.5 1.5 10.5119 -96.4942 139.448
396 5.5 9.5 1.5 10.9772 -108.946 -127.565
397 6.5 9.5 1.5 11.5109 -99.362 -93.056
398 7.5 9.5 1.5 12.1037 -97.4326 -20.1975
399 8.5 9.5 1.5 12.7475 -98.2922 109.59
400 9.5 9.5 1.5 13.435 -109.236 -32.6403
