# <Transmitter Set: Tx: 3 indoor wifi - Point 1> 
# <Receiver Set: Rx: 4 wifi small Rx > 
# <X(m)> <Y(m)> <Z(m)> <Distance(m)> <Power(dBm)> <Phase(deg)>
1 -9.5 -9.5 1.5 13.435 -99.4429 60.6028
2 -8.5 -9.5 1.5 12.7475 -100.717 107.571
3 -7.5 -9.5 1.5 12.1037 -98.7835 46.2091
4 -6.5 -9.5 1.5 11.5109 -99.2844 6.46856
5 -5.5 -9.5 1.5 10.9772 -104.41 80.2588
6 -4.5 -9.5 1.5 10.5119 -116.283 154.216
7 -3.5 -9.5 1.5 10.1242 -108.878 -148.49
8 -2.5 -9.5 1.5 9.82344 -106.351 -179.14
9 -1.5 -9.5 1.5 9.61769 -101.351 -141.459
10 -0.5 -9.5 1.5 9.51315 -110.295 135.135
11 0.5 -9.5 1.5 9.51315 -93.6036 -140.345
12 1.5 -9.5 1.5 9.61769 -95.486 137.183
13 2.5 -9.5 1.5 9.82344 -90.2961 65.3701
14 3.5 -9.5 1.5 10.1242 -89.8173 117.096
15 4.5 -9.5 1.5 10.5119 -98.826 123.894
16 5.5 -9.5 1.5 10.9772 -98.8461 155.46
17 6.5 -9.5 1.5 11.5109 -102.782 119.868
18 7.5 -9.5 1.5 12.1037 -98.889 89.8795
19 8.5 -9.5 1.5 12.7475 -97.2273 122.512
20 9.5 -9.5 1.5 13.435 -93.6753 -19.5235
21 -9.5 -8.5 1.5 12.7475 -116.543 166.89
22 -8.5 -8.5 1.5 12.0208 -112.443 -171.103
23 -7.5 -8.5 1.5 11.3358 -109.342 102.554
24 -6.5 -8.5 1.5 10.7005 -101.396 -175.289
25 -5.5 -8.5 1.5 10.1242 -98.518 36.1585
26 -4.5 -8.5 1.5 9.61769 -92.4794 -71.4458
27 -3.5 -8.5 1.5 9.19239 -99.6069 28.7871
28 -2.5 -8.5 1.5 8.86002 -98.2723 84.1097
29 -1.5 -8.5 1.5 8.63134 -100.904 -9.29279
30 -0.5 -8.5 1.5 8.51469 -101.069 132.19
31 0.5 -8.5 1.5 8.51469 -89.8978 12.2308
32 1.5 -8.5 1.5 8.63134 -92.8977 63.0596
33 2.5 -8.5 1.5 8.86002 -93.7095 -134.062
34 3.5 -8.5 1.5 9.19239 -96.6833 61.1743
35 4.5 -8.5 1.5 9.61769 -99.1335 150.402
36 5.5 -8.5 1.5 10.1242 -98.7689 -14.2104
37 6.5 -8.5 1.5 10.7005 -95.1556 -92.4987
38 7.5 -8.5 1.5 11.3358 -91.3752 -69.8714
39 8.5 -8.5 1.5 12.0208 -91.2676 81.0169
40 9.5 -8.5 1.5 12.7475 -91.7265 14.9028
41 -9.5 -7.5 1.5 12.1037 -104.664 79.1246
42 -8.5 -7.5 1.5 11.3358 -114.154 -9.38531
43 -7.5 -7.5 1.5 10.6066 -105.234 -80.2399
44 -6.5 -7.5 1.5 9.92472 -94.934 36.2044
45 -5.5 -7.5 1.5 9.30054 -95.2238 165.824
46 -4.5 -7.5 1.5 8.74643 -95.0094 -42.7966
47 -3.5 -7.5 1.5 8.27647 -91.1594 176.068
48 -2.5 -7.5 1.5 7.90569 -100.11 52.7075
49 -1.5 -7.5 1.5 7.64853 -94.0681 75.7164
50 -0.5 -7.5 1.5 7.51665 -92.5823 -48.5809
51 0.5 -7.5 1.5 7.51665 -93.2044 21.237
52 1.5 -7.5 1.5 7.64853 -96.6703 122.415
53 2.5 -7.5 1.5 7.90569 -103.753 -125.11
54 3.5 -7.5 1.5 8.27647 -93.4272 -115.724
55 4.5 -7.5 1.5 8.74643 -90.1818 -27.5173
56 5.5 -7.5 1.5 9.30054 -90.8308 120.567
57 6.5 -7.5 1.5 9.92472 -90.3755 61.2317
58 7.5 -7.5 1.5 10.6066 -90.2854 122.517
59 8.5 -7.5 1.5 11.3358 -90.788 -13.1154
60 9.5 -7.5 1.5 12.1037 -90.8236 29.4576
61 -9.5 -6.5 1.5 11.5109 -109.836 155.544
62 -8.5 -6.5 1.5 10.7005 -94.0896 103.422
63 -7.5 -6.5 1.5 9.92472 -109.307 121.415
64 -6.5 -6.5 1.5 9.19239 -97.0759 178.312
65 -5.5 -6.5 1.5 8.51469 -90.2053 -79.5665
66 -4.5 -6.5 1.5 7.90569 -93.8005 6.15771
67 -3.5 -6.5 1.5 7.38241 -91.2692 165.232
68 -2.5 -6.5 1.5 6.96419 -95.197 19.7609
69 -1.5 -6.5 1.5 6.67083 -110.598 -108.204
70 -0.5 -6.5 1.5 6.5192 -115.484 58.4535
71 0.5 -6.5 1.5 6.5192 -95.3857 148.358
72 1.5 -6.5 1.5 6.67083 -93.1864 -45.0172
73 2.5 -6.5 1.5 6.96419 -91.3054 173.024
74 3.5 -6.5 1.5 7.38241 -89.704 106.219
75 4.5 -6.5 1.5 7.90569 -89.5546 154.726
76 5.5 -6.5 1.5 8.51469 -90.2447 -24.7407
77 6.5 -6.5 1.5 9.19239 -90.3019 -38.0277
78 7.5 -6.5 1.5 9.92472 -89.7866 126.278
79 8.5 -6.5 1.5 10.7005 -91.116 139.508
80 9.5 -6.5 1.5 11.5109 -92.7665 -0.216854
81 -9.5 -5.5 1.5 10.9772 -84.8486 -77.4339
82 -8.5 -5.5 1.5 10.1242 -96.6255 -46.2003
83 -7.5 -5.5 1.5 9.30054 -92.0267 -5.78146
84 -6.5 -5.5 1.5 8.51469 -95.1107 165.313
85 -5.5 -5.5 1.5 7.77817 -93.7128 25.539
86 -4.5 -5.5 1.5 7.10634 -93.3742 142.747
87 -3.5 -5.5 1.5 6.5192 -110.09 -179.857
88 -2.5 -5.5 1.5 6.04152 -107.782 -117.669
89 -1.5 -5.5 1.5 5.70088 -103.707 -144.353
90 -0.5 -5.5 1.5 5.52268 -99.9179 -1.37882
91 0.5 -5.5 1.5 5.52268 -90.6496 -12.0531
92 1.5 -5.5 1.5 5.70088 -88.7108 32.9988
93 2.5 -5.5 1.5 6.04152 -88.8794 -166.242
94 3.5 -5.5 1.5 6.5192 -90.168 122.93
95 4.5 -5.5 1.5 7.10634 -89.9186 -137.386
96 5.5 -5.5 1.5 7.77817 -90.8267 146.477
97 6.5 -5.5 1.5 8.51469 -92.6227 -87.3234
98 7.5 -5.5 1.5 9.30054 -93.7063 -101.397
99 8.5 -5.5 1.5 10.1242 -96.2135 120.639
100 9.5 -5.5 1.5 10.9772 -98.7231 -146.227
101 -9.5 -4.5 1.5 10.5119 -81.6683 -16.8734
102 -8.5 -4.5 1.5 9.61769 -94.6752 17.0556
103 -7.5 -4.5 1.5 8.74643 -94.589 -60.3067
104 -6.5 -4.5 1.5 7.90569 -89.451 37.2962
105 -5.5 -4.5 1.5 7.10634 -88.5202 -174.689
106 -4.5 -4.5 1.5 6.36396 -98.4029 -160.905
107 -3.5 -4.5 1.5 5.70088 -96.5773 94.7666
108 -2.5 -4.5 1.5 5.14782 -96.973 -28.9442
109 -1.5 -4.5 1.5 4.74342 -96.6021 -171.86
110 -0.5 -4.5 1.5 4.52769 -92.1632 20.6709
111 0.5 -4.5 1.5 4.52769 -91.4141 -72.5
112 1.5 -4.5 1.5 4.74342 -89.7074 -34.892
113 2.5 -4.5 1.5 5.14782 -92.8081 -175.959
114 3.5 -4.5 1.5 5.70088 -94.8934 -138.074
115 4.5 -4.5 1.5 6.36396 -92.8146 82.9736
116 5.5 -4.5 1.5 7.10634 -111.551 -159.766
117 6.5 -4.5 1.5 7.90569 -97.0972 -98.5281
118 7.5 -4.5 1.5 8.74643 -95.6221 118.24
119 8.5 -4.5 1.5 9.61769 -97.0565 -114.161
120 9.5 -4.5 1.5 10.5119 -96.8794 -65.3118
121 -9.5 -3.5 1.5 10.1242 -83.1101 -172.109
122 -8.5 -3.5 1.5 9.19239 -81.0039 75.9417
123 -7.5 -3.5 1.5 8.27647 -84.3613 139.393
124 -6.5 -3.5 1.5 7.38241 -83.8116 -126.422
125 -5.5 -3.5 1.5 6.5192 -85.4986 -162.055
126 -4.5 -3.5 1.5 5.70088 -92.6873 72.8626
127 -3.5 -3.5 1.5 4.94975 -94.0444 -163.906
128 -2.5 -3.5 1.5 4.30116 -101.594 -155.038
129 -1.5 -3.5 1.5 3.80789 -92.8247 150.211
130 -0.5 -3.5 1.5 3.53553 -89.0921 -92.7632
131 0.5 -3.5 1.5 3.53553 -88.6917 -137.472
132 1.5 -3.5 1.5 3.80789 -88.7955 54.0364
133 2.5 -3.5 1.5 4.30116 -94.2102 102.893
134 3.5 -3.5 1.5 4.94975 -94.2501 -166.452
135 4.5 -3.5 1.5 5.70088 -93.684 117.075
136 5.5 -3.5 1.5 6.5192 -89.807 -9.43124
137 6.5 -3.5 1.5 7.38241 -90.9268 -124.71
138 7.5 -3.5 1.5 8.27647 -88.9955 78.2296
139 8.5 -3.5 1.5 9.19239 -91.1444 -161.651
140 9.5 -3.5 1.5 10.1242 -93.0024 -64.3472
141 -9.5 -2.5 1.5 9.82344 -77.2177 -51.3012
142 -8.5 -2.5 1.5 8.86002 -78.5152 -102.184
143 -7.5 -2.5 1.5 7.90569 -77.9365 -91.8605
144 -6.5 -2.5 1.5 6.96419 -79.4026 80.9513
145 -5.5 -2.5 1.5 6.04152 -81.4994 6.03207
146 -4.5 -2.5 1.5 5.14782 -80.0534 -41.6274
147 -3.5 -2.5 1.5 4.30116 -87.675 120.987
148 -2.5 -2.5 1.5 3.53553 -96.5442 -78.501
149 -1.5 -2.5 1.5 2.91548 -88.3304 -85.6539
150 -0.5 -2.5 1.5 2.54951 -88.0716 82.5809
151 0.5 -2.5 1.5 2.54951 -86.4775 -170.425
152 1.5 -2.5 1.5 2.91548 -86.6172 -94.039
153 2.5 -2.5 1.5 3.53553 -86.7731 -73.0727
154 3.5 -2.5 1.5 4.30116 -97.2942 -90.249
155 4.5 -2.5 1.5 5.14782 -87.774 -106.169
156 5.5 -2.5 1.5 6.04152 -93.6148 60.4173
157 6.5 -2.5 1.5 6.96419 -84.2421 12.7702
158 7.5 -2.5 1.5 7.90569 -84.0394 -70.2523
159 8.5 -2.5 1.5 8.86002 -85.8069 166.781
160 9.5 -2.5 1.5 9.82344 -85.4859 10.9718
161 -9.5 -1.5 1.5 9.61769 -77.8039 -17.2727
162 -8.5 -1.5 1.5 8.63134 -74.858 147.671
163 -7.5 -1.5 1.5 7.64853 -76.1228 112.922
164 -6.5 -1.5 1.5 6.67083 -75.7724 -29.6599
165 -5.5 -1.5 1.5 5.70088 -78.2917 54.7728
166 -4.5 -1.5 1.5 4.74342 -76.6643 -63.5584
167 -3.5 -1.5 1.5 3.80789 -72.6917 49.5513
168 -2.5 -1.5 1.5 2.91548 -77.0841 -83.4242
169 -1.5 -1.5 1.5 2.12132 -93.8387 39.4133
170 -0.5 -1.5 1.5 1.58114 -87.6302 -174.851
171 0.5 -1.5 1.5 1.58114 -84.2623 -39.6117
172 1.5 -1.5 1.5 2.12132 -83.7698 71.1598
173 2.5 -1.5 1.5 2.91548 -85.1259 148.941
174 3.5 -1.5 1.5 3.80789 -95.2237 -58.8538
175 4.5 -1.5 1.5 4.74342 -83.7074 -31.763
176 5.5 -1.5 1.5 5.70088 -94.5658 103.69
177 6.5 -1.5 1.5 6.67083 -86.6593 1.04039
178 7.5 -1.5 1.5 7.64853 -83.5277 79.5436
179 8.5 -1.5 1.5 8.63134 -84.56 133.206
180 9.5 -1.5 1.5 9.61769 -86.0359 167.033
181 -9.5 -0.5 1.5 9.51315 -78.9735 -43.4777
182 -8.5 -0.5 1.5 8.51469 -75.1458 -87.1391
183 -7.5 -0.5 1.5 7.51665 -72.4188 -137.367
184 -6.5 -0.5 1.5 6.5192 -71.7869 129.858
185 -5.5 -0.5 1.5 5.52268 -75.1913 -54.5658
186 -4.5 -0.5 1.5 4.52769 -68.9566 25.096
187 -3.5 -0.5 1.5 3.53553 -69.5667 -117.283
188 -2.5 -0.5 1.5 2.54951 -65.4827 27.6963
189 -1.5 -0.5 1.5 1.58114 -64.0868 -16.8215
190 -0.5 -0.5 1.5 0.707107 -80.6834 -46.9277
191 0.5 -0.5 1.5 0.707107 -84.6076 -138.859
192 1.5 -0.5 1.5 1.58114 -83.335 160.231
193 2.5 -0.5 1.5 2.54951 -86.8787 73.4905
194 3.5 -0.5 1.5 3.53553 -93.4211 113.257
195 4.5 -0.5 1.5 4.52769 -82.8626 5.12392
196 5.5 -0.5 1.5 5.52268 -91.1488 19.0506
197 6.5 -0.5 1.5 6.5192 -89.0112 -164.856
198 7.5 -0.5 1.5 7.51665 -83.5504 172.814
199 8.5 -0.5 1.5 8.51469 -83.2523 138.082
200 9.5 -0.5 1.5 9.51315 -83.8884 87.9074
201 -9.5 0.5 1.5 9.51315 -80.4282 -37.8895
202 -8.5 0.5 1.5 8.51469 -74.1662 -79.3169
203 -7.5 0.5 1.5 7.51665 -72.1544 -137.581
204 -6.5 0.5 1.5 6.5192 -72.0335 132.061
205 -5.5 0.5 1.5 5.52268 -75.5605 -57.8081
206 -4.5 0.5 1.5 4.52769 -68.7839 26.537
207 -3.5 0.5 1.5 3.53553 -69.4489 -115.646
208 -2.5 0.5 1.5 2.54951 -65.4803 26.7563
209 -1.5 0.5 1.5 1.58114 -64.1446 -16.9195
210 -0.5 0.5 1.5 0.707107 -80.8992 -49.5852
211 0.5 0.5 1.5 0.707107 -82.8842 -132.515
212 1.5 0.5 1.5 1.58114 -83.9484 159.191
213 2.5 0.5 1.5 2.54951 -86.3712 71.8825
214 3.5 0.5 1.5 3.53553 -91.4306 111.648
215 4.5 0.5 1.5 4.52769 -83.5322 8.12955
216 5.5 0.5 1.5 5.52268 -92.3432 17.2058
217 6.5 0.5 1.5 6.5192 -89.2763 -155.487
218 7.5 0.5 1.5 7.51665 -84.8036 172.073
219 8.5 0.5 1.5 8.51469 -82.9914 133.913
220 9.5 0.5 1.5 9.51315 -83.2666 93.7372
221 -9.5 1.5 1.5 9.61769 -77.7429 -12.0968
222 -8.5 1.5 1.5 8.63134 -73.7907 153.388
223 -7.5 1.5 1.5 7.64853 -76.1806 110.766
224 -6.5 1.5 1.5 6.67083 -75.5117 -31.4788
225 -5.5 1.5 1.5 5.70088 -78.1593 53.5421
226 -4.5 1.5 1.5 4.74342 -76.9269 -63.8167
227 -3.5 1.5 1.5 3.80789 -72.9145 49.0182
228 -2.5 1.5 1.5 2.91548 -77.1187 -83.5453
229 -1.5 1.5 1.5 2.12132 -89.8752 30.0159
230 -0.5 1.5 1.5 1.58114 -85.8743 -170.151
231 0.5 1.5 1.5 1.58114 -83.6001 -33.074
232 1.5 1.5 1.5 2.12132 -84.7376 76.3513
233 2.5 1.5 1.5 2.91548 -86.373 144.354
234 3.5 1.5 1.5 3.80789 -102.305 -87.4576
235 4.5 1.5 1.5 4.74342 -83.0244 -38.5376
236 5.5 1.5 1.5 5.70088 -94.5712 77.6749
237 6.5 1.5 1.5 6.67083 -87.0647 12.8862
238 7.5 1.5 1.5 7.64853 -84.2296 87.5662
239 8.5 1.5 1.5 8.63134 -84.2644 146.1
240 9.5 1.5 1.5 9.61769 -84.8225 179.185
241 -9.5 2.5 1.5 9.82344 -77.5035 -47.6734
242 -8.5 2.5 1.5 8.86002 -78.8939 -105.648
243 -7.5 2.5 1.5 7.90569 -76.7719 -91.6039
244 -6.5 2.5 1.5 6.96419 -78.8809 80.2132
245 -5.5 2.5 1.5 6.04152 -80.3418 1.32485
246 -4.5 2.5 1.5 5.14782 -80.2783 -36.6205
247 -3.5 2.5 1.5 4.30116 -89.5002 117.275
248 -2.5 2.5 1.5 3.53553 -94.3938 -41.1058
249 -1.5 2.5 1.5 2.91548 -88.0359 -95.4968
250 -0.5 2.5 1.5 2.54951 -90.5928 66.7166
251 0.5 2.5 1.5 2.54951 -89.3315 -164.32
252 1.5 2.5 1.5 2.91548 -87.4911 -88.4705
253 2.5 2.5 1.5 3.53553 -86.6322 -77.034
254 3.5 2.5 1.5 4.30116 -92.7051 -119.823
255 4.5 2.5 1.5 5.14782 -86.3921 -113.131
256 5.5 2.5 1.5 6.04152 -99.8269 110.138
257 6.5 2.5 1.5 6.96419 -86.0944 20.6506
258 7.5 2.5 1.5 7.90569 -85.0639 -71.7994
259 8.5 2.5 1.5 8.86002 -86.3376 162.332
260 9.5 2.5 1.5 9.82344 -87.3589 4.69028
261 -9.5 3.5 1.5 10.1242 -85.1685 -172.095
262 -8.5 3.5 1.5 9.19239 -81.1991 85.17
263 -7.5 3.5 1.5 8.27647 -84.4219 142.545
264 -6.5 3.5 1.5 7.38241 -83.0546 -120.594
265 -5.5 3.5 1.5 6.5192 -83.077 160.439
266 -4.5 3.5 1.5 5.70088 -98.6782 72.693
267 -3.5 3.5 1.5 4.94975 -94.2467 -138.553
268 -2.5 3.5 1.5 4.30116 -93.0866 106.763
269 -1.5 3.5 1.5 3.80789 -93.0565 127.898
270 -0.5 3.5 1.5 3.53553 -89.7882 -76.0139
271 0.5 3.5 1.5 3.53553 -89.6277 -125.611
272 1.5 3.5 1.5 3.80789 -90.0654 46.1312
273 2.5 3.5 1.5 4.30116 -93.9901 122.813
274 3.5 3.5 1.5 4.94975 -93.8567 173.711
275 4.5 3.5 1.5 5.70088 -93.4149 137.216
276 5.5 3.5 1.5 6.5192 -92.8803 6.37018
277 6.5 3.5 1.5 7.38241 -88.8199 -124.537
278 7.5 3.5 1.5 8.27647 -89.5914 65.0587
279 8.5 3.5 1.5 9.19239 -91.8914 -156.35
280 9.5 3.5 1.5 10.1242 -93.184 -62.8206
281 -9.5 4.5 1.5 10.5119 -81.0746 -13.9557
282 -8.5 4.5 1.5 9.61769 -91.6654 4.3581
283 -7.5 4.5 1.5 8.74643 -88.3995 -174.402
284 -6.5 4.5 1.5 7.90569 -91.2978 -12.8184
285 -5.5 4.5 1.5 7.10634 -87.8088 -142.355
286 -4.5 4.5 1.5 6.36396 -88.876 -102.589
287 -3.5 4.5 1.5 5.70088 -88.1404 10.8445
288 -2.5 4.5 1.5 5.14782 -84.6846 144.49
289 -1.5 4.5 1.5 4.74342 -103.098 -41.6064
290 -0.5 4.5 1.5 4.52769 -86.9101 60.7857
291 0.5 4.5 1.5 4.52769 -86.8178 -50.581
292 1.5 4.5 1.5 4.74342 -89.5536 -9.11427
293 2.5 4.5 1.5 5.14782 -92.7069 179.252
294 3.5 4.5 1.5 5.70088 -92.9248 -143.401
295 4.5 4.5 1.5 6.36396 -92.9836 89.7986
296 5.5 4.5 1.5 7.10634 -105.479 175.596
297 6.5 4.5 1.5 7.90569 -98.6899 -89.5696
298 7.5 4.5 1.5 8.74643 -96.3711 124.619
299 8.5 4.5 1.5 9.61769 -97.9976 -110.431
300 9.5 4.5 1.5 10.5119 -100.133 -53.3847
301 -9.5 5.5 1.5 10.9772 -84.901 -65.5858
302 -8.5 5.5 1.5 10.1242 -94.9624 -102.433
303 -7.5 5.5 1.5 9.30054 -90.4764 -25.3739
304 -6.5 5.5 1.5 8.51469 -91.4736 170.28
305 -5.5 5.5 1.5 7.77817 -100.049 15.5259
306 -4.5 5.5 1.5 7.10634 -98.3437 167.489
307 -3.5 5.5 1.5 6.5192 -91.929 25.9358
308 -2.5 5.5 1.5 6.04152 -89.9989 -164.839
309 -1.5 5.5 1.5 5.70088 -86.9324 35.6389
310 -0.5 5.5 1.5 5.52268 -90.5592 -57.6504
311 0.5 5.5 1.5 5.52268 -89.6459 -70.2158
312 1.5 5.5 1.5 5.70088 -85.5464 10.7307
313 2.5 5.5 1.5 6.04152 -85.8158 -144.262
314 3.5 5.5 1.5 6.5192 -93.4532 91.8791
315 4.5 5.5 1.5 7.10634 -87.7774 -116.909
316 5.5 5.5 1.5 7.77817 -89.1286 130.046
317 6.5 5.5 1.5 8.51469 -94.4033 -99.682
318 7.5 5.5 1.5 9.30054 -95.3084 -98.8546
319 8.5 5.5 1.5 10.1242 -96.1011 116.727
320 9.5 5.5 1.5 10.9772 -97.6634 -147.783
321 -9.5 6.5 1.5 11.5109 -96.4905 -1.37676
322 -8.5 6.5 1.5 10.7005 -94.5367 124.822
323 -7.5 6.5 1.5 9.92472 -102.793 59.2876
324 -6.5 6.5 1.5 9.19239 -96.569 154.941
325 -5.5 6.5 1.5 8.51469 -92.101 -89.9982
326 -4.5 6.5 1.5 7.90569 -92.0871 -5.27379
327 -3.5 6.5 1.5 7.38241 -95.1589 155.213
328 -2.5 6.5 1.5 6.96419 -112.393 134.234
329 -1.5 6.5 1.5 6.67083 -98.1237 162.634
330 -0.5 6.5 1.5 6.5192 -93.7358 -9.02233
331 0.5 6.5 1.5 6.5192 -88.5968 176.508
332 1.5 6.5 1.5 6.67083 -93.2654 34.0926
333 2.5 6.5 1.5 6.96419 -88.1645 125.213
334 3.5 6.5 1.5 7.38241 -87.8292 145.623
335 4.5 6.5 1.5 7.90569 -85.819 130.087
336 5.5 6.5 1.5 8.51469 -97.8376 -56.5427
337 6.5 6.5 1.5 9.19239 -91.5921 5.32909
338 7.5 6.5 1.5 9.92472 -88.5 160.001
339 8.5 6.5 1.5 10.7005 -88.6349 158.84
340 9.5 6.5 1.5 11.5109 -90.0421 19.2447
341 -9.5 7.5 1.5 12.1037 -97.1691 -104.047
342 -8.5 7.5 1.5 11.3358 -99.447 51.9133
343 -7.5 7.5 1.5 10.6066 -97.7995 -115.876
344 -6.5 7.5 1.5 9.92472 -95.3778 50.5769
345 -5.5 7.5 1.5 9.30054 -101.595 -164.118
346 -4.5 7.5 1.5 8.74643 -98.6478 -66.327
347 -3.5 7.5 1.5 8.27647 -93.6996 162.035
348 -2.5 7.5 1.5 7.90569 -93.1384 78.779
349 -1.5 7.5 1.5 7.64853 -94.4323 127.786
350 -0.5 7.5 1.5 7.51665 -99.5947 23.9277
351 0.5 7.5 1.5 7.51665 -95.0322 16.3052
352 1.5 7.5 1.5 7.64853 -97.9351 123.097
353 2.5 7.5 1.5 7.90569 -94.0469 -66.909
354 3.5 7.5 1.5 8.27647 -90.1216 -150.444
355 4.5 7.5 1.5 8.74643 -106.844 43.7418
356 5.5 7.5 1.5 9.30054 -88.048 171.033
357 6.5 7.5 1.5 9.92472 -85.7302 66.4509
358 7.5 7.5 1.5 10.6066 -85.7397 115.042
359 8.5 7.5 1.5 11.3358 -86.1639 -24.5626
360 9.5 7.5 1.5 12.1037 -86.4101 24.2869
361 -9.5 8.5 1.5 12.7475 -103.906 131.019
362 -8.5 8.5 1.5 12.0208 -106.098 62.0895
363 -7.5 8.5 1.5 11.3358 -100.395 -132.038
364 -6.5 8.5 1.5 10.7005 -117.215 -166.074
365 -5.5 8.5 1.5 10.1242 -97.6058 33.885
366 -4.5 8.5 1.5 9.61769 -96.6779 -64.833
367 -3.5 8.5 1.5 9.19239 -103.941 -34.5577
368 -2.5 8.5 1.5 8.86002 -100.57 68.0861
369 -1.5 8.5 1.5 8.63134 -95.2202 25.4224
370 -0.5 8.5 1.5 8.51469 -94.2294 94.6006
371 0.5 8.5 1.5 8.51469 -88.8393 12.3004
372 1.5 8.5 1.5 8.63134 -91.5184 61.3169
373 2.5 8.5 1.5 8.86002 -94.9364 -100.523
374 3.5 8.5 1.5 9.19239 -98.9625 105.466
375 4.5 8.5 1.5 9.61769 -98.8945 129.439
376 5.5 8.5 1.5 10.1242 -92.8045 -57.3051
377 6.5 8.5 1.5 10.7005 -93.2362 -146.302
378 7.5 8.5 1.5 11.3358 -94.5798 -124.616
379 8.5 8.5 1.5 12.0208 -93.679 25.9347
380 9.5 8.5 1.5 12.7475 -90.7445 -37.4526
381 -9.5 9.5 1.5 13.435 -118.869 -11.7047
382 -8.5 9.5 1.5 12.7475 -105.172 -113.835
383 -7.5 9.5 1.5 12.1037 -126.677 -162.898
384 -6.5 9.5 1.5 11.5109 -102.214 60.6575
385 -5.5 9.5 1.5 10.9772 -100.218 127.821
386 -4.5 9.5 1.5 10.5119 -104.252 -168.672
387 -3.5 9.5 1.5 10.1242 -97.8828 97.2433
388 -2.5 9.5 1.5 9.82344 -97.9364 151.61
389 -1.5 9.5 1.5 9.61769 -105.947 92.8302
390 -0.5 9.5 1.5 9.51315 -101.601 -166.9
391 0.5 9.5 1.5 9.51315 -92.9892 -149.011
392 1.5 9.5 1.5 9.61769 -98.0802 132.625
393 2.5 9.5 1.5 9.82344 -89.8869 78.9197
394 3.5 9.5 1.5 10.1242 -90.0079 114.012
395 4.5 9.5 1.5 10.5119 -98.6055 132.505
396 5.5 9.5 1.5 10.9772 -98.8312 149.776
397 6.5 9.5 1.5 11.5109 -101.796 107.974
398 7.5 9.5 1.5 12.1037 -99.7857 85.6363
399 8.5 9.5 1.5 12.7475 -97.4998 -167.796
400 9.5 9.5 1.5 13.435 -102.122 57.5189
