0,78.267188883375,2.1029340120643676
1,1.6609674867857402,1.236091906461822
2,1.3763968971015164,1.2406296591189443
3,1.3307113959913937,1.1509004527816704
4,1.2667037929067548,1.8298466814133558
5,1.322769242349403,1.0180475193395848
6,1.4722233719509694,1.2645773457275356
7,1.2828752076066043,1.60961038048058
8,1.2951746296992352,1.379431409511213
9,1.3353076059948035,1.2186486727519157
10,1.260209825333132,1.4345535285555726
11,1.251409385933902,2.4201422826463777
12,1.171124517087368,1.227273408602236
13,1.268745842528018,1.4147517520148503
14,1.180008716439339,0.9052601782843883
15,1.1834117462315412,1.0287747681792883
16,1.1153441834829425,1.1491031437160197
17,1.1268649908543107,0.9926306555692048
18,1.0765505151163863,0.9748549516180466
19,1.1355609105193594,0.8948617404633146
20,1.0615907967445684,0.9419084624034765
21,1.083676177074551,0.9427925164261648
22,1.1336466344126346,0.8707075462459849
23,1.0348574379274755,0.9810912625093857
24,0.9598677648110332,1.7815924133173229
25,1.0327900688643967,0.9580436328364926
26,0.9826535622516015,0.8887184029417367
27,0.9151280132165237,0.8396591591267282
28,0.9509995478505284,0.9051459006480712
29,0.9584867461471174,1.0364685069546478
30,1.0036330857588758,0.9826715857496177
31,0.9622826463169869,0.9716365906451435
32,0.8943345692115136,0.9290316497187321
33,0.8724409125044198,1.0434456674143768
34,0.9479974549131347,1.3205526120494557
35,0.9576698929154436,1.0378628023197698
36,0.8642754355521914,0.8939287003355469
37,0.8766215672469989,0.9255310207119921
38,0.8611404502101218,0.9746454872895375
39,0.8163915898554899,0.7594343469856625
40,0.8463805275966422,0.9877897419047272
41,0.8521342241513804,1.045756901465539
42,0.7908798424033209,0.8194115408218234
43,0.7690066729776535,1.0041327462050686
44,0.7789001875708199,0.7948852541971327
45,0.7878572086779125,0.7508554255005402
46,0.7739628467120157,0.6727975706121406
47,0.7013198424747021,0.6615141132660433
48,0.7016473723464094,0.6552413241216452
49,0.6598033771944257,0.9575200970136795
50,0.580855153221414,0.6770536295522849
51,0.5694516777440018,0.7394706758265431
52,0.5527604497797385,0.5716071387871865
53,0.5418674526046141,0.5797552530402618
54,0.5303400903705267,0.6130680002653213
55,0.5237393287111456,0.767716106096486
56,0.5279990440601293,0.6291864206130587
57,0.5261411772036487,0.6215748635113674
58,0.5058910998851762,0.6041003988590103
59,0.5158504851712432,0.5803139702149057
60,0.5048840338199422,0.6069908199241211
61,0.49434687486519263,0.5272115244422892
62,0.4821086984758755,0.55862084944903
63,0.4833765410368031,0.7218675458629222
64,0.4913035625402468,0.5941436869628994
65,0.46991787382409866,0.5450096346599621
66,0.48572476339989895,0.5639932574428976
67,0.45993022119049964,0.5087361193807849
68,0.4530689707397247,0.4929886774599115
69,0.44821800033311204,0.5480464159455225
70,0.4432181758633825,0.5315018748110601
71,0.44010243718604863,0.5120753004117817
72,0.4372971696950114,0.5462065453671376
73,0.44460375220222453,0.5159717221088209
74,0.42158233107126003,0.5559714470223509
75,0.4330940120333652,0.49067633842179836
76,0.42293972443092887,0.5372454428847321
77,0.4284813687942513,0.6257872237388102
78,0.4067439723361573,0.5184580691456809
79,0.4250324314758125,0.524199925830051
80,0.4005207305069076,0.48107396073381864
81,0.41207236676075476,0.527985042355722
82,0.38952389999919723,0.46836334463644214
83,0.40012398035880553,0.4985189580405909
84,0.4015595680120219,0.45086804054870394
85,0.3834105923622115,0.46283543290817863
86,0.39029094943074,0.48131546501876155
87,0.385306037891659,0.4497236593150241
88,0.3709349988991978,0.465491358475615
89,0.3833936421265912,0.44734632377109135
90,0.3860186502015616,0.4772365668493149
91,0.36328633899027274,0.42799697335473824
92,0.3608897461499999,0.5898570641674536
93,0.37461659875899017,0.4658019431564644
94,0.3633421001451338,0.5179947003966666
95,0.358217016030065,0.4347765318929537
96,0.3535758741930666,0.46307120329342805
97,0.3416133955809857,0.4308222536533097
98,0.35113447043520657,0.4598594025520094
99,0.3571423843379242,0.45748121431272726
100,0.30445158183774845,0.40799414274188045
101,0.29286548721228794,0.4029512474614635
102,0.2946474004913894,0.41362800936424576
103,0.29882940270866704,0.4148530919057713
104,0.29490192705637036,0.4008153227826196
105,0.29512554536662267,0.41543633218943965
106,0.29036054716692117,0.39028244822783575
107,0.2990774781584792,0.4102845537402001
108,0.2881715048442887,0.4534240328470958
109,0.2901230009553628,0.42872743916671213
110,0.290520122325074,0.42884413687156
111,0.2871306805895664,0.4253044051267193
112,0.28635057262689456,0.43749465888694944
113,0.2795807155435834,0.4021255847474791
114,0.28315821586538226,0.3969497849642602
115,0.27688342549587647,0.43095126567087033
116,0.275149492461735,0.39245519132356693
117,0.2766507831922142,0.4544111989014751
118,0.27376127568159775,0.40920721445483843
119,0.2755991716979585,0.3957002837629305
120,0.2756857494905908,0.3963352524849425
121,0.2703665243560092,0.4116211798170565
122,0.27632647476422983,0.3954881438247747
123,0.27648559944279866,0.4068755915338385
124,0.274090941503537,0.3930608855140959
125,0.2724322022897443,0.40383794246225035
126,0.2694524983882421,0.37810566659236716
127,0.2656415301037396,0.3989702142874745
128,0.2628871557242089,0.38507633746201264
129,0.26386144492179475,0.3872722526842047
130,0.2643316527342861,0.390109183636905
131,0.2629110268332588,0.406227781763225
132,0.26433032812990565,0.3794333020115148
133,0.26888619541354186,0.3841788819554582
134,0.26242047510317246,0.3834933525646511
135,0.2608094207627234,0.38702640337522454
136,0.2603060274425006,0.38185390320508467
137,0.2566530358036229,0.400971750875714
138,0.2601499955159461,0.38090057193290033
139,0.25858001874053105,0.3958052323349994
140,0.2553103355228673,0.38577681649662376
141,0.2574929371968111,0.39728156321826125
142,0.25574150758909825,0.3927698146558576
143,0.2522075796866766,0.39633640956119587
144,0.25083546364006826,0.3963385891760652
145,0.24981907679976706,0.38796090629315405
146,0.25045840933974667,0.38000966993676466
147,0.25040046530741233,0.36592360301373245
148,0.25675906696657613,0.3603180131366465
149,0.2527274914599873,0.3942305413486631
150,0.2344734695077437,0.37032318726689833
151,0.23433323478751159,0.3623352447154818
152,0.2297693496675861,0.36985784903842067
153,0.23293779840471626,0.3675140189477659
154,0.23393244958773268,0.3656119747473416
155,0.23143883366941664,0.3698436451833364
156,0.23243276923311693,0.3802273786908027
157,0.23539963858581744,0.3828769289985747
158,0.23095127956865727,0.3737033943112412
159,0.23517436903854433,0.38255481678735737
160,0.22930882228370378,0.3630777935980836
161,0.22975217256200298,0.3595042154664448
162,0.22980196544589637,0.36121752082539593
163,0.23052633944036338,0.3734094867843718
164,0.22886511028028508,0.3610663871379244
165,0.22881941393603225,0.36585570365862785
166,0.2277658716680044,0.37007191143991985
167,0.23026014255102875,0.3850058003306086
168,0.22898989832312616,0.3687936132178278
169,0.2257072660179295,0.36464263151420234
170,0.22677243448984033,0.36067036720649537
171,0.22548517600028697,0.3601031880833601
172,0.22526933321847809,0.3710696555099196
173,0.22496581903070104,0.3949561940448753
174,0.2278886383591574,0.3587313439922729
175,0.22747079645125495,0.36309316080013465
176,0.22657823227162066,0.36184352950799387
177,0.22437104825144716,0.36666357426395046
178,0.22475134782118514,0.38230436332855006
179,0.22584648423494028,0.3634553773197348
180,0.2241232389318983,0.35449287639113175
181,0.22207953386860407,0.3767291510610344
182,0.22389432428231948,0.36052413081503787
183,0.22297291433149372,0.3649712208798569
184,0.2220574527614792,0.36268374748598997
185,0.2216425011931863,0.3596996650842287
186,0.2234643347160789,0.3747467290102076
187,0.22486521431079046,0.37078387333185425
188,0.22170823912645848,0.37792452388608627
189,0.22202608424382062,0.36313056644697145
190,0.22066903572620236,0.35937182922945865
191,0.2215494886737596,0.3676127711779987
192,0.22050372465152246,0.3695066661707629
193,0.2215901400620292,0.34849120826328905
194,0.22051042458070108,0.36142047989854914
195,0.22107280243706737,0.3551766868838227
196,0.21965509150818976,0.37849967209793783
197,0.2193805008002978,0.3586341793526932
198,0.2195737566657624,0.35219468276407445
199,0.22230553958338486,0.3633231826119934
200,0.2121721735371476,0.35853497439728754
201,0.21254192387835902,0.3560482436790927
202,0.21324786048094882,0.3530483589695229
203,0.21427920871692596,0.35624421859151895
204,0.21073096758055562,0.34786639466429015
205,0.2120013459505212,0.35565558391088087
206,0.21262380720947918,0.35596439241426125
207,0.21457554222183872,0.3506655281104443
208,0.21230276253761415,0.35152983440429525
209,0.21283418989902342,0.36627068347211056
210,0.2127383712807494,0.3598238712804546
211,0.2109750089589584,0.35843647062218964
212,0.2220380196073014,0.354041511637515
213,0.2095757121419993,0.36171484410032534
214,0.2110740417658477,0.35267244101106376
215,0.2112674128349634,0.35742343463843934
216,0.21143706207448673,0.35679136993155025
217,0.21112509423254494,0.35399000575099876
218,0.21089749723412304,0.359471452845286
219,0.2099344086686777,0.3585809224504718
220,0.21606011125333838,0.3487200458374914
221,0.20848384880442689,0.35696371322542636
222,0.20953935873011778,0.36855628241238997
223,0.2094859212882734,0.3626917609356306
224,0.2095742936830506,0.3545561106079508
225,0.20901647853142555,0.3604134521441635
226,0.2136266249438876,0.35592918154019315
227,0.20961747689060722,0.35009656952949664
228,0.2099907956412635,0.35336817089572947
229,0.2088537914810149,0.3516472213962575
230,0.2089869816306668,0.36118426061290243
231,0.20923785870838252,0.357034489339133
232,0.20819755346314014,0.35439717066388343
233,0.208862209571083,0.3538869701573474
234,0.2082061666161387,0.3467456186645106
235,0.2079410876712983,0.3544492097108145
236,0.21344266318825816,0.3500613048359
237,0.20868491270110073,0.3561707473212081
238,0.21616282464363948,0.3510536852793423
239,0.20735357466937052,0.3596165063459898
240,0.20736178178988468,0.3612389081767757
241,0.20627002437508726,0.35021688994248273
242,0.20796053395204273,0.35342482089580923
243,0.20795142200319142,0.35432526967782096
244,0.2080335705816323,0.35106369787229597
245,0.20985073131657297,0.3612611237969602
246,0.20874838718381653,0.3572587558017795
247,0.20718535200169338,0.3531930055786601
248,0.2074903013767919,0.3667688660954901
249,0.20627545143901344,0.35754315889117955
250,0.20375963187673418,0.3473407886946567
0,52.71305975041278,2.3323001413205047
1,1.4654793837697548,1.8988083132107463
2,1.3768005371663805,1.0843494839260512
3,1.2500871672633742,1.3785743265870514
4,1.258825747486963,1.021069960951866
5,1.2793094328748555,1.1584361563289736
6,1.1984268001192346,1.2712661606592985
7,1.2056884077985817,1.6816833418002473
8,1.2065659097671475,2.000602406833823
9,1.2291126424934946,1.348046381571248
10,1.2383478287346787,1.3324249623625526
11,1.1468560961862901,1.501394253578358
12,1.1040380243347039,1.1245359608471837
13,1.1435697279761552,1.1652885299588227
14,1.0831151048760306,1.2460379249187976
15,1.057065960377854,0.9725545099004547
16,1.1007558596442637,1.0083254613525017
17,1.0618598528923067,1.0772924869020202
18,1.001790304129552,0.9499257699285621
19,1.0149052931541518,0.9320099219083611
20,0.9689501723380963,0.9451221093652654
21,1.0198422530098636,0.8609661068446799
22,0.9455160991647205,0.7575978863991558
23,0.9398034167457203,0.7358218230347489
24,0.8858713525524456,0.7157523221334124
25,0.9989818086850278,0.8039584902722944
26,0.8819927153315604,0.8532422620155539
27,0.8074619356009342,0.7212509763811906
28,0.8176045696686914,0.7280440221980495
29,0.8188526756599357,0.9243149512525914
30,0.7765132051217967,0.6750438381510105
31,0.7843109205491462,0.8061868995450505
32,0.7451983571678829,0.6490603682478276
33,0.7336649107973718,0.6431630371496133
34,0.7108330351465694,0.6621012716099451
35,0.6807861056510455,0.6664304213891462
36,0.6967931703730891,0.6715379878409246
37,0.6584374382727309,0.5546338066991301
38,0.6442965823604775,0.6074701126203027
39,0.645868494864998,0.6698245484843136
40,0.6093517203314216,0.6951861139114378
41,0.6179561794637956,0.501494891313278
42,0.6156555090917519,0.5754216344432042
43,0.5828434463576739,0.6772481166066163
44,0.563154248975005,0.5790863972556094
45,0.55330330108496,0.595431911173564
46,0.5202780406161878,0.5891338113336826
47,0.5278842447660652,0.5146292505845544
48,0.5359416039693403,0.6660227324917991
49,0.5132522516538349,0.4815240329744968
50,0.4265375460427329,0.4339477355442544
51,0.4154018168240779,0.43019438361958023
52,0.42166303383078213,0.4297634516611578
53,0.408386001378886,0.41727689278517593
54,0.4008447406180449,0.46545993642208267
55,0.4012843592005981,0.5104792613602801
56,0.39781024400136467,0.4553638809723198
57,0.3966366792121105,0.4026425711135864
58,0.37750731364694945,0.42389825837804357
59,0.378135309687122,0.41241725699622317
60,0.37283976097841254,0.433905814838644
61,0.3740454299547106,0.4354614133869405
62,0.3689787341093668,0.41438954045074894
63,0.365562474926498,0.42589052852384335
64,0.3674620215498727,0.42221675330928277
65,0.3499992550608895,0.3852808937798934
66,0.34745082660153054,0.4579113405917207
67,0.3513585062168762,0.3766371092562559
68,0.3486934582574151,0.43806609383872713
69,0.35020517180107263,0.37777374683352777
70,0.33878037759985075,0.3913981716349454
71,0.3368879079660091,0.3576171716197334
72,0.3439009443092921,0.36620307350638814
73,0.33732799428025084,0.37492845826726784
74,0.3278230147964161,0.3893569153665954
75,0.3318841408766588,0.3880929420317
76,0.3276587150547734,0.3487978486364598
77,0.33067821068356296,0.40116422404610763
78,0.330558349965251,0.35349323148599304
79,0.31320049791854004,0.37849532649198314
80,0.31494837337602566,0.3643044071951454
81,0.31699564997812435,0.3685715338375332
82,0.3176414378358204,0.383759321424512
83,0.3150320503211663,0.3660489101023978
84,0.3078436229508042,0.34667837633795
85,0.3046103519512865,0.36623018441286476
86,0.30673680951506477,0.37132249777361576
87,0.3112770817388882,0.34583352001780776
88,0.31017254952726897,0.35706037029708043
89,0.29574320313421054,0.35003597432887235
90,0.30316234226668554,0.38734898332633194
91,0.2980135708786305,0.36059243407641806
92,0.3040260172739268,0.3505487100750066
93,0.2929871120413608,0.41783837215124675
94,0.2996593004333449,0.32992184555919846
95,0.2881827760475551,0.34011368091540306
96,0.29112778643466924,0.35780288806329696
97,0.29030113552896475,0.3423521027492918
98,0.28866714108565306,0.36296553445632307
99,0.2916813629642393,0.3467278777113895
100,0.2683036986398956,0.3261309217392866
101,0.2643367632583521,0.33461868982996285
102,0.26315828850659323,0.3332398789397864
103,0.2647066680066783,0.3293452752620568
104,0.26185201533509905,0.32886097677554865
105,0.2610532912459343,0.3176444147785736
106,0.26726991715148224,0.3417648565367757
107,0.26410317994798677,0.32790526716934865
108,0.2596930382128563,0.3202203633632561
109,0.25934755631441386,0.316636401341678
110,0.25770911932333757,0.32843562490964706
111,0.25764038192469035,0.32247687716883916
112,0.25797585528665185,0.3306009939487216
113,0.2563023600806062,0.3267297185637376
114,0.2560201525622558,0.3204151019903106
115,0.25769340772415505,0.32736435172818856
116,0.2570453236187609,0.32751886065120916
117,0.25400925059218427,0.32115343665447726
118,0.25479403882398577,0.3235711897244039
119,0.2542671412062714,0.3228779005694558
120,0.25502867113492883,0.32775512701808607
121,0.25412464295880904,0.31638554261264273
122,0.25115979824973295,0.3094409381917394
123,0.2535724995547825,0.33183842562714677
124,0.25239990937525997,0.32798808368380733
125,0.25101195312640473,0.3254048323760175
126,0.25214457872559626,0.30673608191479407
127,0.24754923779984384,0.3192090142431826
128,0.25112088793381876,0.31111092089554127
129,0.2513895722882737,0.31464108005430574
130,0.24790060728638044,0.30574045291416474
131,0.2488882171553442,0.3125783144822016
132,0.24606688482372868,0.32366698840453323
133,0.24593008043925846,0.3126693401839675
134,0.247864070048938,0.3241018611525028
135,0.2480578390159883,0.3231463675198086
136,0.2467521439092604,0.31249704160264963
137,0.25114039198009735,0.31578148129157657
138,0.24823299138592592,0.3146986864097826
139,0.2477329495403252,0.3114688746869132
140,0.2448150956712359,0.31903781602031966
141,0.24681749229442024,0.31443564979072164
142,0.24541617153753473,0.3120042377777337
143,0.2453414677476426,0.30626466681729375
144,0.24300144575853874,0.3098272970782353
145,0.24362907832106032,0.30296601269711104
146,0.2453023086450479,0.3059463536760862
147,0.24145025487990882,0.3069616771712475
148,0.24189273405085154,0.30608788535653725
149,0.24105215938787727,0.3199093444756552
150,0.234928825185969,0.30711287028670115
151,0.23367600101632713,0.30834367529890466
152,0.2350228888639008,0.3017434548013656
153,0.2352476041216684,0.3022535701742477
154,0.2340668607584534,0.30663643555837167
155,0.23286326731118603,0.3109207686549853
156,0.23453470033807208,0.30387355840549807
157,0.23309870975685187,0.30437486304556854
158,0.23319986254461972,0.30263317618531715
159,0.233441712076731,0.3040505828175798
160,0.23338321358549763,0.3028071622768153
161,0.23280754228939077,0.30405485983748
162,0.231826603757761,0.3042266278102909
163,0.23355194973012827,0.3008999455062158
164,0.23255276461045074,0.30251460238660643
165,0.23203438433705895,0.30467598998329337
166,0.23220808428999234,0.29706393349568194
167,0.2318565099844549,0.3000690900004213
168,0.2309515531701296,0.3003467362589985
169,0.23188010532768738,0.30696812676544066
170,0.23119916511833707,0.30438437317443895
171,0.23062104769753924,0.3050271195317868
172,0.23178053655569492,0.3053200329847138
173,0.23141079589318922,0.30341696404341595
174,0.23190566263062104,0.3002965278704196
175,0.2297794429689023,0.3035394765298552
176,0.2304373756522874,0.2987592742966277
177,0.22973706060856097,0.30337476557108833
178,0.2305416325700033,0.3077981990676809
179,0.23058538618404134,0.30891344137861654
180,0.23071743160557118,0.29968895979109
181,0.2302371504446688,0.30632756073504214
182,0.2299615632915801,0.30287452580213864
183,0.2285106260302896,0.3053563640332251
184,0.23201237392151364,0.30226091521317044
185,0.23017800467298552,0.30913043936207163
186,0.2294366759031563,0.3018012969485791
187,0.2293095020486717,0.3009402782239732
188,0.22910860040428022,0.2999455489910846
189,0.22915337713513273,0.30306507997733145
190,0.22816697867824165,0.30409737076735677
191,0.2297419526643023,0.30089215241901135
192,0.22898447247942194,0.2987046697377847
193,0.22829581560463513,0.3005423559376707
194,0.2307865959820181,0.30215857587853934
195,0.22857975574496753,0.29927622898691975
196,0.2281598073625765,0.2992266994731484
197,0.22743924781801808,0.3059919561440213
198,0.22918282387362626,0.30112257372634216
199,0.22696496596430785,0.3100232151350645
200,0.225477458154737,0.2980640189276713
201,0.22460040814558446,0.296662802256678
202,0.22449485829387958,0.298437449899017
203,0.2249539159373693,0.29809472646877666
204,0.2242060114621773,0.3015994426580528
205,0.2250367438140333,0.3002984685125875
206,0.22480116413981285,0.30054093139332305
207,0.2243946959964135,0.29829054411894973
208,0.22426196512930802,0.29973532994106666
209,0.224713224903542,0.29908603586569665
210,0.225016358536492,0.2974292179642204
211,0.22471676307447316,0.30025822801856383
212,0.22413065300272203,0.30444410299133046
213,0.22454184401942873,0.3022352864149971
214,0.2241355160583069,0.3009918699609009
215,0.22404163799429824,0.297381674780614
216,0.22415730154727623,0.3052608180267619
217,0.22421633140279174,0.2974799826497911
218,0.2239745861698673,0.30016659122070605
219,0.22397689039677185,0.2961375144501647
220,0.2243375555764698,0.29882267839079746
221,0.2235607428891153,0.29941766498366973
222,0.2234860390300596,0.3046681577303156
223,0.2233264237029152,0.2990858902522849
224,0.2240736597712029,0.2964338730222054
225,0.2238628545166951,0.2969072982315838
226,0.223445583192476,0.29900989518731075
227,0.22339869934379233,0.3014796386669264
228,0.22379305611451014,0.29956904337532814
229,0.2231655847804335,0.2978246180884745
230,0.22346760857547301,0.2977568856179023
231,0.22395202458262495,0.29867837326070323
232,0.22352671123900245,0.2992670020770364
233,0.22270754520947234,0.29836624077294227
234,0.22296174236688973,0.2977232803197896
235,0.22298395521488776,0.29944761302205475
236,0.2227596178190554,0.29705494732918386
237,0.22274075806786198,0.3002329629281007
238,0.22289681826725463,0.2998726569244756
239,0.22279824612393884,0.3001982522688804
240,0.22365380290831177,0.30415989248459285
241,0.22321178737890707,0.2980378790521866
242,0.2229396418665504,0.2983878038372529
243,0.2228630238774897,0.29815989346756816
244,0.22276783993798374,0.3020293967360166
245,0.22267212805483233,0.2991255572426592
246,0.22251606971046548,0.2979457016504283
247,0.22241721118875196,0.2993346382968021
248,0.22236367343895186,0.2961313369821979
249,0.22262838293117498,0.2999248040597778
250,0.2211638281598123,0.2986403547721955
0,47.242756833196744,1.6965212969160104
1,1.3423666290074419,1.1560634357552912
2,1.2496029616444235,0.9893873247203497
3,1.2549745712571017,1.3707618041608582
4,1.174621489718963,1.0101198502183382
5,1.1918068357424052,1.216322530017287
6,1.2087398250524726,1.021475431963157
7,1.1561742740175311,1.00605176044916
8,1.1448263461520436,1.0659721591325173
9,1.1248536753336935,1.0951866597703852
10,1.1173855240494495,1.0982979781452187
11,1.050654779060925,0.8731184792895166
12,1.0127527415002833,1.2410909741814522
13,1.027950692833977,1.0440568719382326
14,0.9854400064804025,0.8631376117828616
15,0.9298600285647524,1.02168609078965
16,0.9746955856165849,0.9859944746719733
17,0.8990628099596342,0.9851961297790004
18,0.8886531179847568,0.8524772889419883
19,0.8529689229980483,0.7726679205684732
20,0.8191264427029549,0.8446077056327685
21,0.789501576497252,0.7399854209042444
22,0.7665617720003532,0.7515101180644712
23,0.7387114573840968,0.8280138251012619
24,0.7490949618659618,0.8540378024075743
25,0.703576494732941,0.6757093646802466
26,0.6927926981950675,0.6474984156473763
27,0.6606121870948558,0.6922163639730419
28,0.6330098548888783,0.7030374518810545
29,0.6422019163234838,0.9282900880108912
30,0.5978246995900479,0.7545188562469587
31,0.5724677425001643,0.6583930003045718
32,0.5587878012203231,0.7253685247084973
33,0.5446763340805089,0.6334283205745421
34,0.5269605188693087,0.5701414895411641
35,0.5369408917896519,0.6098643515576961
36,0.5223030323896528,0.6635956948299433
37,0.4845683229140908,0.6017333457914527
38,0.4835613218258367,0.6135835568461232
39,0.4613022990172986,0.6537176620088782
40,0.4557667799493347,0.6307036566004958
41,0.4302080918609703,0.47965748163814065
42,0.42526705043680774,0.5218922562895604
43,0.4275343508971582,0.5388330364899291
44,0.40723197615637147,0.5306199649273395
45,0.40128667407486923,0.47048280386734104
46,0.40335618176207844,0.45018518490706944
47,0.38253938099856183,0.4559224803658563
48,0.38098979926226106,0.4461929141691408
49,0.3751917880489204,0.4739094927669546
50,0.3172540724935251,0.4099592104395583
51,0.30671264565323575,0.39791429304474085
52,0.3055558361470802,0.4062960557920927
53,0.3040823678101873,0.39762188564990114
54,0.29904722665370953,0.4058538694114642
55,0.304834993604218,0.4069487553309354
56,0.2913903534743359,0.36904967469947475
57,0.29455132525963396,0.3724354027366219
58,0.2876810323458482,0.39479077607280466
59,0.29017757889096957,0.35182785352102325
60,0.2848381039441882,0.4139327104334457
61,0.28003724379819117,0.44322615724695025
62,0.2798207196323502,0.38633252959082204
63,0.2776908281676493,0.365704746791562
64,0.2765856678635413,0.3734072031591195
65,0.26873425665833023,0.40724401345791744
66,0.2779838531123484,0.3732017020979606
67,0.267153214126363,0.38974778779800506
68,0.2671929629904575,0.3710143899904422
69,0.2661262964448788,0.3656807892971277
70,0.26721682742302266,0.38741913071843803
71,0.2591795382744449,0.37254973544047426
72,0.2596835320525349,0.4168070856417103
73,0.2581098601773506,0.35307751879057897
74,0.25679109705054337,0.3751039102511353
75,0.2624644153147268,0.3775689027265316
76,0.257865255515369,0.340608240910589
77,0.25278914562872995,0.32840249187001774
78,0.2593728901303119,0.3922801677655744
79,0.25284551974475084,0.42397054054683697
80,0.25671891871053554,0.3401897600764919
81,0.24389416524607516,0.353747701375581
82,0.24709702894745836,0.3736716299078793
83,0.24378111257590535,0.3265013670993681
84,0.2446351195223578,0.3554236060254042
85,0.24151951204003685,0.35156298985651896
86,0.24762856502330666,0.3721957025251144
87,0.24605427890729975,0.3809408752313782
88,0.24884225968632234,0.3257573222141136
89,0.2364925110108031,0.32969978594967064
90,0.2372127813455058,0.3315942970223826
91,0.23929572571084307,0.36557575527786246
92,0.23551602674713984,0.34740685367572116
93,0.24196577033614977,0.3499610630590434
94,0.2357962440780991,0.37511733692333926
95,0.2345984369374659,0.3470492547384635
96,0.2353978226898815,0.3904917741413382
97,0.23546689344923624,0.3317330265622585
98,0.23406949632192878,0.32252051913713353
99,0.22987274419906767,0.3392522619852413
100,0.21617155071054922,0.32364585132472984
101,0.2159025329758867,0.33876950710729153
102,0.21504093710775224,0.30946643739721125
103,0.21686085207422776,0.3328257701142028
104,0.21612357326525097,0.31449774516395906
105,0.21641344261390918,0.3348999517205847
106,0.21472446620193625,0.317680889474557
107,0.214270978557519,0.33267768209112425
108,0.21307275331093448,0.33811876135143887
109,0.21408753942360903,0.31686202957959436
110,0.21372890671198091,0.3113067330205173
111,0.21270306378081666,0.3102828337726952
112,0.21393817718100616,0.3015718737407293
113,0.21245169807033212,0.3166004559862295
114,0.21190151404282057,0.32023682883653365
115,0.2102169063684361,0.3155819445706614
116,0.2120856466576602,0.3169975803648456
117,0.210741117554629,0.31552941868333784
118,0.20968698255348195,0.3194991510266437
119,0.20991795076037995,0.3364214908159418
120,0.21044407753287725,0.32436733090310926
121,0.2101044487210989,0.3257492905193186
122,0.2104207187759753,0.32051175884570443
123,0.20937035625019632,0.3104614842698657
124,0.2109737896401782,0.3127323401928532
125,0.20825090609782956,0.32216063641342896
126,0.2103373334105645,0.33736922100317607
127,0.20871234609696754,0.32255669339927734
128,0.20842190047210044,0.3254433211976896
129,0.20823827755041965,0.3035767002867955
130,0.20853773078525661,0.3094278920948805
131,0.20713888269180955,0.32002533236993674
132,0.20721852214068257,0.30925800812782694
133,0.2102450637114824,0.3214268127383582
134,0.20734942490345146,0.3168127302373685
135,0.2083179233952573,0.31550458645027973
136,0.20573132087895396,0.31822878713361036
137,0.20791569831343737,0.3266651226531057
138,0.20649649638690706,0.3159825939974075
139,0.207442807276052,0.3229707328102353
140,0.20569562910990327,0.33446417788598387
141,0.20566924219466184,0.3183065456349899
142,0.2060855842984511,0.32528717676708396
143,0.20649221859921538,0.3227878516547984
144,0.20658310735803825,0.3058479919866116
145,0.20511306631123832,0.31213978571781753
146,0.20401181155547474,0.31862885329609003
147,0.20510345748847394,0.32862640870244686
148,0.20501148167315003,0.32747486405954795
149,0.20509738938393401,0.32370979537924266
150,0.19988833260382938,0.3047493083901431
151,0.19916640375505185,0.32008377619636597
152,0.19860704963160755,0.3155724940474444
153,0.19936288183202028,0.31536779897021766
154,0.19927754365587547,0.3041168751848837
155,0.1996824000927428,0.3026509327333986
156,0.198613623793978,0.32782979590746647
157,0.1999788575156074,0.3179317006449368
158,0.1989504119083899,0.3103460022583245
159,0.19943504175507606,0.3106308397257448
160,0.19885262741936413,0.3176755086503793
161,0.1987382237219932,0.3255342909155638
162,0.19865810050508645,0.3098510331851931
163,0.19879370085511824,0.30504938493166794
164,0.19853457672220648,0.3081419455723263
165,0.19877114753377115,0.31508093324044945
166,0.19869663393318182,0.3084489276339878
167,0.19827125728554407,0.30914371890677533
168,0.19848003595584426,0.31183826515810137
169,0.19782657794047118,0.3188911998010244
170,0.19804636755400595,0.3242319706973695
171,0.1982957495648302,0.3078753943172357
172,0.19879689519960309,0.3102185185152517
173,0.19782305884014362,0.3146783690853218
174,0.19765160164598045,0.3108326658535308
175,0.19861616044540484,0.305142750028809
176,0.1979615685090941,0.312204713218138
177,0.19846813679951406,0.30791371090458
178,0.1977582569935985,0.31222274460540556
179,0.1976380801039051,0.3064077465522947
180,0.1974473276933317,0.31595081192415325
181,0.19790411939439284,0.31299948568031616
182,0.196655180520548,0.3200894645205572
183,0.19741397863940577,0.3046983319802663
184,0.19776429409038226,0.3135153609202406
185,0.19957070006075137,0.3208123347581317
186,0.19738042478385168,0.322710705921597
187,0.19657286084244832,0.3022653463140103
188,0.1992289033064483,0.3113677901572919
189,0.19737110794341048,0.3096989616551672
190,0.19705123082563425,0.3132777732380472
191,0.19686833575799192,0.3103243226472982
192,0.19766482289039775,0.32014826021776793
193,0.19641112313547235,0.30457909653051
194,0.1979584932126112,0.32184461303702677
195,0.19664869235403945,0.3111212713581431
196,0.19642406562196194,0.3008825218044627
197,0.19675060411786827,0.30677665446127517
198,0.19694512349263954,0.30574913330478554
199,0.1969300892640519,0.3148808255828792
200,0.19468842514347512,0.3103263753714585
201,0.19480606997259492,0.30916123121379846
202,0.19403084327611667,0.31849150351068894
203,0.19475404756767012,0.31076541804278673
204,0.19468339393878248,0.3101423243767532
205,0.19432137526945,0.3089129809204865
206,0.19431159505296502,0.31326391700873146
207,0.19441962668803864,0.30841199893351423
208,0.19425339430441435,0.3123089866474889
209,0.19589206655286479,0.3099159118329482
210,0.1942004751450927,0.3077670657064801
211,0.19429708608138518,0.3164571767199018
212,0.194983599373383,0.30859830436858976
213,0.19417478717082998,0.30509966710071695
214,0.19442228742550652,0.3083680876619534
215,0.19400802561937924,0.30913154752310895
216,0.19400410235538387,0.30464464777083505
217,0.19425576318070767,0.3113786791041471
218,0.19380464849141926,0.31366630029517467
219,0.19407418311638652,0.3072535011270035
220,0.1942677541629571,0.3115165620428602
221,0.19447216137831788,0.3057542093955713
222,0.193918870229041,0.3121867926591105
223,0.19414260289798144,0.3056366152130542
224,0.19400778471258645,0.31085249462094056
225,0.1937713452896739,0.3125173742354063
226,0.1937962679584142,0.30701354486724913
227,0.19418204172149225,0.3015187539829464
228,0.19406877214049092,0.3089454754094123
229,0.1936398322455202,0.30509422511171563
230,0.1939490078680775,0.30563342132547505
231,0.19416761368709237,0.31035895469788194
232,0.19385656705325507,0.30846510400434013
233,0.1939264246028355,0.3155265050198948
234,0.19344742517184135,0.3058155604372002
235,0.19364149203914044,0.30982606598953705
236,0.19380675449642482,0.3125609026996145
237,0.1938510771446498,0.30801004540336707
238,0.19340696782192424,0.31007278240829445
239,0.1936053526774257,0.31985090533984983
240,0.19359045264103247,0.3059616304682826
241,0.19409366917448218,0.31046345343218773
242,0.19391334929646956,0.3135414934281591
243,0.1931230141162376,0.3093631744170994
244,0.1937468620537046,0.311878836136097
245,0.19345551337505898,0.31002869933465893
246,0.19362723740260568,0.3085197064765074
247,0.1937363487814984,0.30853495745842363
248,0.19421897245321265,0.3099972265554383
249,0.19343642344186782,0.31297865278023074
250,0.19275331672462848,0.30836517179191225
0,49.69924800209219,1.85235163317138
1,1.3317286516183917,1.1389646341100916
2,1.3031823598426497,1.0336451795495458
3,1.2533617209270498,1.6386688120287798
4,1.2241923392172636,1.1994227733700105
5,1.2318050882801976,1.4028706419929136
6,1.1669884817969245,1.2603322033069944
7,1.1899055468550441,1.1411467151121912
8,1.1345146875997132,1.0198758829593924
9,1.1086607489957494,1.3748182440184895
10,1.0359127154112333,1.0341424421442933
11,1.0099375095078738,0.9636644473945509
12,1.0580881083921447,0.8900538221929273
13,0.955289175307152,0.9107963386948276
14,0.9053877680863452,1.0074077075695358
15,0.9446777619527313,0.936007732361937
16,0.8605396481637286,0.7670070400663312
17,0.8535677653844786,0.7449350560783805
18,0.8052715171057316,0.8850888588553066
19,0.7608599332841476,0.72548977705651
20,0.7593624071737818,0.8245879947267243
21,0.6947066784605992,0.7332791840296053
22,0.6833777022074614,0.6796159762824406
23,0.6747513549034067,0.745975992793708
24,0.6362647235837393,0.6828261973611401
25,0.6184004049781875,0.6622285582146078
26,0.5869901571774129,0.5730069802383543
27,0.5801513361450656,0.6240131381242845
28,0.5324896001623751,0.5140023758250212
29,0.5202518176887913,0.5751373946655864
30,0.5224689629704886,0.579576669661945
31,0.49703111083898954,0.5649341559322447
32,0.5037443453596422,0.5303889025641224
33,0.47363694207276,0.7340787745272291
34,0.46734007268935157,0.5164296576500332
35,0.44410759892914814,0.527979825765079
36,0.43257218329300406,0.4616058236628211
37,0.4324363747262918,0.4604098842914899
38,0.4214950484593487,0.5607313621740375
39,0.4131669767483795,0.42160024791230327
40,0.41021257114519366,0.40266938186130485
41,0.38789688738940503,0.44905805860663245
42,0.38684605999637145,0.4047786587051926
43,0.38195353573963425,0.402693944998824
44,0.35806020104459046,0.38433909126284016
45,0.3576811596037802,0.3863422496762085
46,0.3692903411308609,0.40224563232331656
47,0.3424731206417896,0.4044848639841388
48,0.3446295519327672,0.41925858645404357
49,0.33839960835096156,0.48374243559099694
50,0.2931882471902296,0.3469250201314015
51,0.2870509797995294,0.34926247843254316
52,0.2913677977323819,0.3493197433097059
53,0.2832879920701648,0.3434327705410811
54,0.282236842584683,0.33791855262659926
55,0.28108007274182495,0.35214630555709675
56,0.28209959118926037,0.3583473271841685
57,0.27709543790825375,0.3259574986985135
58,0.27670106350214924,0.3552805314177845
59,0.27094411162916426,0.33071900695133716
60,0.2711782713639213,0.34276827836925267
61,0.268813999770974,0.3304811950459522
62,0.2696467077504519,0.3363833394046595
63,0.2674988658496089,0.3373632272831321
64,0.2634450981701834,0.32666633398797107
65,0.2646791824874016,0.32411129387151993
66,0.25984638688471395,0.3237939126472524
67,0.26271907517889337,0.32079853454389856
68,0.25587136805893557,0.357691690183421
69,0.25850728366613557,0.3584862911525992
70,0.25511911681763016,0.32310237988647694
71,0.2592031318106479,0.30829069131113496
72,0.25289770272541673,0.31530165424672324
73,0.2535922071633537,0.30896427165922435
74,0.2534576497057678,0.3225748953490405
75,0.2519010441725799,0.3130404753761639
76,0.2548356662400009,0.3110269002336907
77,0.25410355632326287,0.3188037219170583
78,0.2498728653640431,0.299335810696643
79,0.2489900390343304,0.3017153871278941
80,0.24683823198212945,0.30940225470704036
81,0.24870499267851162,0.31882173899077726
82,0.25048161508837313,0.3352640410197593
83,0.24706647688882727,0.31175564278115747
84,0.2454393775609321,0.30075355240461815
85,0.2418986224520135,0.3132231098968607
86,0.24010919745475934,0.3185568229933939
87,0.24493745461981628,0.30656237359896576
88,0.24376435875502828,0.30294888770976014
89,0.24192896722446366,0.29266225558941783
90,0.24107425392918835,0.3610865769234139
91,0.23974931858688764,0.33121875487889274
92,0.24140535431479837,0.304856630530382
93,0.2388927800071268,0.30896698953958635
94,0.24440612974568376,0.3051354041964113
95,0.23478159316903124,0.29842684068011693
96,0.23812163085070573,0.29221633146845577
97,0.23687728849141682,0.30658315444032597
98,0.2384094287116448,0.29868156551783837
99,0.2359681875334097,0.29056234258227104
100,0.224059651556115,0.28506867808363956
101,0.2233494131081348,0.2864766837197373
102,0.2246414258860781,0.2957504809165927
103,0.22250558710492463,0.28377381389392453
104,0.2232029293260601,0.286412722613576
105,0.22297862736204965,0.28559655948752444
106,0.22302168910249195,0.2847268533693453
107,0.22138416269768665,0.28621884864329866
108,0.2224691035304794,0.289059485246129
109,0.22236960552968596,0.29027723140143746
110,0.22207432061122295,0.28472319681657926
111,0.2212535087404551,0.28512992257904585
112,0.2241402312941556,0.2851830930316891
113,0.2227928690752218,0.28109307689606233
114,0.22040477495518246,0.28276045294731483
115,0.22120277630074112,0.2868631436808566
116,0.21912383295442633,0.2930187406950525
117,0.22144191618698666,0.2803882601131603
118,0.22045533227085026,0.28742816532788495
119,0.2196581669636421,0.2847904252522914
120,0.22019873380610167,0.2974910572449587
121,0.22016288857252778,0.2838277396783644
122,0.21966035349875454,0.2852609258436895
123,0.2188923190097852,0.2854617905785804
124,0.21875988282505746,0.2838973170473814
125,0.2189157601494649,0.28403887958484736
126,0.2202075946522129,0.2892571457232904
127,0.2184436064611952,0.286727679490525
128,0.21916390389134063,0.27950019826286154
129,0.2185143805311757,0.28294077386530425
130,0.21864162170716728,0.2991976032790752
131,0.2182621553369584,0.2847524642841421
132,0.21992267407624447,0.28489465350985077
133,0.21903659475905332,0.2822570350696137
134,0.21785446003948583,0.2860019298797108
135,0.21709098990403186,0.28210547952198256
136,0.21763387697992131,0.28707867229735456
137,0.21798070149134344,0.2797637546209913
138,0.21810950606569166,0.28033908655289086
139,0.21770032591964164,0.2840840339401613
140,0.21773596548157115,0.28581583400329047
141,0.21778190568652236,0.29098551302773856
142,0.2179930261355922,0.284405605137438
143,0.21581594669656717,0.2866543322118985
144,0.2168352443898885,0.28440495828819046
145,0.21781929956518034,0.2827242498422979
146,0.21814963913844748,0.28049786966594537
147,0.2170495470104043,0.28368133122943084
148,0.21617760726240304,0.2805950118408428
149,0.21642964871091727,0.2892522332584392
150,0.21983182552243946,0.27721172294143176
151,0.2133788422201875,0.277232626130258
152,0.21265272475396108,0.27835652181184134
153,0.2127311180806115,0.278611667780731
154,0.21244024914604465,0.2787374529550794
155,0.21264943452978724,0.28024518587592906
156,0.2124730078370243,0.28136444790332765
157,0.2124906268807402,0.2818652777348398
158,0.21225736204978762,0.2781806538403554
159,0.21191320926036425,0.2765995219510554
160,0.21207637261996565,0.2804898248408076
161,0.21178364274473185,0.2779630471533536
162,0.21184335386953365,0.2774005062948717
163,0.2123359260265693,0.27722117277732056
164,0.21187340626140236,0.27877288249405924
165,0.211457587650993,0.27868360808549125
166,0.2115908255309122,0.27804036772419344
167,0.21437307162295074,0.27827619894467936
168,0.21125546755057067,0.27900880851817406
169,0.21199490515919314,0.27740330559512877
170,0.2114119915479208,0.2786689331780409
171,0.2113922700533661,0.2802209599182162
172,0.2117201154347488,0.2775796529390451
173,0.21187801617604782,0.27790382905679145
174,0.21068702123944058,0.2792936831534396
175,0.21119424170968712,0.2771237521722109
176,0.21169840544510812,0.27874522954319453
177,0.21134981402026903,0.27695477943501456
178,0.21060555825380237,0.2791470314001828
179,0.21086835699402395,0.2768058685719568
180,0.21078158931495777,0.27698871660337304
181,0.21091195592049308,0.27791020707794384
182,0.2111345550315648,0.277181286715997
183,0.21122166079482477,0.2785739927418268
184,0.21233303227207367,0.279592368467354
185,0.21068292560286972,0.2776893920906645
186,0.21027292813788623,0.2839724535066273
187,0.2110400817655066,0.28054673517563394
188,0.21030468531620117,0.2792172545982468
189,0.21120701018172058,0.27744308547970087
190,0.21102343237211885,0.2816515420741276
191,0.2109026603783274,0.27701692832710456
192,0.2104128332469466,0.2782181407584226
193,0.21077447981447672,0.2783531505754347
194,0.2112047057991684,0.27816542718115905
195,0.2106728295514975,0.2782512625543422
196,0.21054667684334855,0.2825722350809837
197,0.21107823358916494,0.27910320415956924
198,0.20959401998914973,0.27829953296821863
199,0.21113519331474154,0.275990183781245
200,0.20915260845919165,0.2762012730859811
201,0.2088546059287832,0.2780762267415426
202,0.20885716518084038,0.27701532354640235
203,0.2086347449289777,0.2767270573979732
204,0.2091149987048713,0.2773257668997984
205,0.2087560700478695,0.277150418748339
206,0.20866477212828646,0.27841294405070016
207,0.2089265055413369,0.275835093155025
208,0.20873229218377,0.27625791724383497
209,0.2084950851911605,0.2778562231406296
210,0.2088576386252435,0.27677440662850133
211,0.2088625520740117,0.27835298245009804
212,0.2086496635668316,0.27786270061000956
213,0.20856984688293043,0.2766025143901255
214,0.20858186070348653,0.2764676128521391
215,0.2085566061329495,0.2765618852658011
216,0.20855957263586605,0.2779117789191107
217,0.20874527281572353,0.2769444569007449
218,0.2086863708197889,0.27774954719971934
219,0.20843349565136257,0.27837901788645053
220,0.20828070550616237,0.27807183031656607
221,0.20853525917770352,0.27704307887225393
222,0.20854579320581862,0.2774324988760004
223,0.20849278249342162,0.2780294013727316
224,0.20846951356437016,0.27605202743527807
225,0.20849192021952584,0.27876256830634444
226,0.2083261874752832,0.27733925960924544
227,0.2084704302377948,0.27605335818825694
228,0.20850929870913348,0.2770953759040904
229,0.20837922885749435,0.27740071652998194
230,0.20843019898615633,0.2785400088592595
231,0.20774697336988407,0.27935456754756394
232,0.2087398618139847,0.27688202892504216
233,0.20836616603419494,0.2764703507734188
234,0.20836448933400617,0.27843691798021436
235,0.20839422750812844,0.27764502475441577
236,0.20826076785094533,0.2774204851835734
237,0.2080106145157409,0.2773451468434549
238,0.20820916356726038,0.2770282513685338
239,0.20818603405444294,0.27631909405025457
240,0.20847061590037697,0.2776803328789146
241,0.20829643861546143,0.27639146050967484
242,0.20816681868667225,0.2762792894411207
243,0.20801667356809006,0.2787603440302425
244,0.20794693620789234,0.27884940940330305
245,0.20830071431559377,0.27780456114082297
246,0.2088075587161355,0.27708117632804435
247,0.20796142692123878,0.2775009150793056
248,0.20827612632887185,0.2767511163853534
249,0.20841412897458994,0.27795998852040754
250,0.20748228902538793,0.27660542902549323
0,40.237098033357576,1.6032051521226327
1,1.3925115008716007,1.4603981436484559
2,1.2657395633253747,1.2584360723091368
3,1.2945501391005054,1.2752165603965635
4,1.2299362887641399,1.1019538639961597
5,1.1958565294811938,1.2057036283704234
6,1.1375743485132528,1.510818907789188
7,1.1970428789951617,1.3910074385653777
8,1.1055778969878076,0.9789142175917305
9,1.0464476395030895,1.0682921045297464
10,1.028736200706502,1.0074715505058605
11,0.9631682451195596,0.8908318938383682
12,0.9128046416422271,0.974775823980722
13,0.8726963664276854,0.7985459286231079
14,0.8593298408634596,0.9571523064957377
15,0.8048715898849261,0.779046981716413
16,0.741659071365826,0.8197396825770427
17,0.725827484665377,0.6067574428466367
18,0.6825427404514722,0.6627892512562422
19,0.6751627787412965,0.8697195384200288
20,0.6294886750425883,0.5361231108643599
21,0.5898213624821149,0.6018399708982621
22,0.5723896980975383,0.5129585687967374
23,0.5422367006459446,0.4905892523796737
24,0.5367045966272811,0.6195712986789664
25,0.5038412412340978,0.48301940820202527
26,0.5002971857489292,0.48982327907516043
27,0.475952947723312,0.5115403893119043
28,0.4618738406120463,0.44465946409080437
29,0.4363239639176014,0.4276179647412775
30,0.42334014814330084,0.4664626075761751
31,0.4103051593730014,0.40162745186128956
32,0.4084313729040636,0.4834066022312448
33,0.39102652902274065,0.42816081553126256
34,0.39711481747674077,0.4609557181050939
35,0.37027798502846043,0.3776858288947599
36,0.3734491334343818,0.4402571194621077
37,0.3589950928683872,0.4351030553642137
38,0.3604377360694477,0.38021139736797804
39,0.3460214959764203,0.35774575513609713
40,0.3448214679806241,0.3502612096872722
41,0.33824992541586246,0.39115709656920905
42,0.3331883325224045,0.3888997588537966
43,0.3271578090367386,0.36561455356131073
44,0.33628647633817144,0.36697514298561634
45,0.30816008386643173,0.3612690391829677
46,0.30847787684713446,0.36219216504741314
47,0.31396631551312426,0.3324838813762185
48,0.3008561748721402,0.3328704011832961
49,0.30069186074072274,0.3281647755005513
50,0.26361828656240877,0.33775483367250775
51,0.2625574832826214,0.30408056211019263
52,0.26180479143204455,0.3162596291395069
53,0.2603656362267729,0.30936933200983124
54,0.25931543178176497,0.31188657855975493
55,0.25632536675926715,0.2990608914095205
56,0.2570623406958109,0.33094291699215406
57,0.2564848568862052,0.31011193521897334
58,0.25170209697008167,0.2928083479609325
59,0.2513233262647763,0.2971541825979806
60,0.24888844690035172,0.29008787803887914
61,0.24817286977707612,0.303029509629681
62,0.24964977315292206,0.3013067770104077
63,0.24552993028056871,0.2954638805724139
64,0.2431758573772014,0.2857438929812772
65,0.245122680656614,0.2895933947594719
66,0.24278764589703766,0.29090635504506523
67,0.24603221258289806,0.3020273790820878
68,0.24025586300563928,0.3015869549588511
69,0.24052647496307566,0.3029433745048014
70,0.24185968503617533,0.28869449857574003
71,0.23893459625101632,0.3015218677150052
72,0.2364071150582098,0.2815634885086125
73,0.23830082934017316,0.28566350141352465
74,0.23663233145516183,0.287730464657461
75,0.23403798065523274,0.28471356903088924
76,0.23538947410607797,0.28692556059654867
77,0.23585395238830367,0.2842392149616237
78,0.23322001574391002,0.29347619272988107
79,0.23558852918362957,0.27554961167620773
80,0.2309765698887384,0.28466697663731244
81,0.23191283448083233,0.2898985139457352
82,0.23665656330559842,0.30637603521814405
83,0.23153881418915148,0.2761425949421496
84,0.22983667540064417,0.2818274751987821
85,0.23060191956618953,0.2910581697017584
86,0.2313952874971127,0.27550193877556656
87,0.2320888115126625,0.3106479377837427
88,0.22957161033177456,0.30004215289430713
89,0.2282735509255727,0.2822082941076668
90,0.22738433546256087,0.29075911998782045
91,0.22861012561943042,0.27630770096857443
92,0.2293076220049426,0.2878834019352159
93,0.22826731385737908,0.27441658565208266
94,0.22873713656867056,0.282364441394693
95,0.22707406370226224,0.2755810224498792
96,0.2264281211534184,0.2888640511005646
97,0.22772025104504226,0.2756669622766542
98,0.22840607170061408,0.2704419765658056
99,0.22607850517946904,0.27148218819784464
100,0.21684049518026194,0.27075689467445274
101,0.21597652378307744,0.2727699127679257
102,0.21654471586194768,0.2645060940930239
103,0.21544754803754573,0.2634994097793403
104,0.21634703688961915,0.2650670466837629
105,0.2153069223919249,0.27209111961144644
106,0.21601051099795548,0.26326156819563545
107,0.2152184616517039,0.2709529641457164
108,0.21531516437143572,0.2702140939548581
109,0.21569933759797355,0.2661515790765899
110,0.21382166273930622,0.2720045736323864
111,0.21530203719122223,0.2668450601157617
112,0.2156563276558952,0.2680846028540136
113,0.21380283267412567,0.26525291169180093
114,0.2136916036600391,0.26582692417136466
115,0.2143980441421896,0.2637326806322917
116,0.21414833224759658,0.2659232740020933
117,0.21425717958170326,0.2722199176069771
118,0.21441543711439653,0.2628310658479979
119,0.2142157425738762,0.2678865611179634
120,0.2130136458886369,0.2610053908722973
121,0.21179697916134935,0.27102919044144275
122,0.21445210755665547,0.2624727006339255
123,0.21358842863612465,0.2592035375785041
124,0.21355874905759517,0.26678593527994676
125,0.21161069548401118,0.2583751592729082
126,0.21335584769194102,0.26102811229225054
127,0.21216631788982065,0.268186127305368
128,0.2130106963735878,0.26216617810612425
129,0.21196696559900838,0.26180930827259424
130,0.21249002967917818,0.2618026441631782
131,0.21247183342614143,0.2656297891091376
132,0.21160111743266488,0.26393622725376076
133,0.21213165275537482,0.2616963464533225
134,0.21139714981615174,0.26032766529461565
135,0.21377306986516412,0.26084800621059784
136,0.2117907380625527,0.26231706914711544
137,0.21130587550294316,0.26036061492235746
138,0.21121966423736294,0.26483879029979013
139,0.21155911930637147,0.2634395328141332
140,0.21167411757346005,0.26296964386049104
141,0.21238153744310112,0.2669701299054245
142,0.21149827492504975,0.2573948218479767
143,0.21153833469506134,0.2642220041740476
144,0.21158969717476284,0.2674782074593208
145,0.21073517635901484,0.2588210985460602
146,0.21107678790971526,0.2598301732414212
147,0.21078909033681437,0.2575041380935802
148,0.21131068284711374,0.2636941606190678
149,0.21139128143140776,0.26154688635272644
150,0.20779154838231756,0.2585564455507055
151,0.20754669720067634,0.2606834990953993
152,0.2072842709422929,0.2571951330467755
153,0.2078170972383198,0.25755237697660277
154,0.20738140473398328,0.26265155190786915
155,0.20768083559838788,0.2583149950460088
156,0.2073880236323373,0.26110888431061624
157,0.20772292942012976,0.2582515810402367
158,0.20702676679860707,0.26109928665347354
159,0.2075003742522522,0.25962286424591924
160,0.20815779805284176,0.2594092583987666
161,0.20714205937227725,0.25709385983230515
162,0.2073245195889131,0.25784358940030216
163,0.20626491720675558,0.2590739398383434
164,0.20718202407594755,0.2616511953905759
165,0.20689128442932686,0.2571662548974333
166,0.20692434785143582,0.26005985385214514
167,0.2067445917531848,0.2613852472272202
168,0.20697839840927104,0.2584849244996493
169,0.20716723394226164,0.257802532240864
170,0.20644106588795358,0.25636175820301094
171,0.2068759801253882,0.26202217663480837
172,0.207137000268746,0.2591820602709588
173,0.20659409289765515,0.2641447401019075
174,0.20689786521461093,0.25865146694427826
175,0.20698391967195312,0.26172333208901205
176,0.20629668079660174,0.26249921481194516
177,0.2064935835188529,0.2611813627334555
178,0.20642501895570545,0.2566306826741111
179,0.20664325164369882,0.25654368420086343
180,0.20653709382327495,0.2567304047078868
181,0.20698972467222512,0.2600774129821319
182,0.20658718691892228,0.2583043843552627
183,0.2074115882546718,0.25994922561724354
184,0.20700855789409262,0.25893242293459773
185,0.20642135281318763,0.25819945212119383
186,0.20699319427805637,0.25751843422078713
187,0.20638298977694036,0.2591352136358535
188,0.20650400388540993,0.2606763262101355
189,0.2063745529341482,0.2621277384896774
190,0.20689900773994369,0.2588378449192011
191,0.20707300273121027,0.2600799066717031
192,0.20642429757141154,0.257559384229833
193,0.20638919160713895,0.2595004242526838
194,0.2065556360515497,0.25891941779434474
195,0.20639049879831428,0.26088158436050723
196,0.20652088833445065,0.25976268755273174
197,0.20643846666868668,0.2583358244427698
198,0.2062926611282101,0.25742178251038633
199,0.20681539604720833,0.25894625822624207
200,0.20493400884812768,0.25754822548562806
201,0.20503247609539701,0.257327416732306
202,0.20512244441101277,0.2596829326584708
203,0.2048432899056227,0.2575101673337465
204,0.20489897564111093,0.2588293623309568
205,0.2049214572357971,0.2578572902359246
206,0.2050773368420904,0.2593361416129127
207,0.20513869444798724,0.25879609643199086
208,0.20482507441622108,0.2579346280060859
209,0.20489688101461428,0.2585265993974771
210,0.20520223901846305,0.26012779538077324
211,0.20489249193271766,0.25709564415244557
212,0.20472981957012154,0.25761224311247527
213,0.204822628667757,0.2586946051714219
214,0.20483969026867263,0.25803319955663306
215,0.20533399733964006,0.25703347887514394
216,0.20470788429386588,0.2597408244191828
217,0.20421856750519632,0.2572664639383391
218,0.20455673116108503,0.25988457356418787
219,0.2047535972282527,0.25816067470262555
220,0.20494208237527747,0.2582085268504224
221,0.20498486015340323,0.2589230229636062
222,0.20477446045330638,0.258986510736646
223,0.20492771561639261,0.25886410471128285
224,0.2050012635941884,0.2570951320024363
225,0.2048640734561625,0.2595929495537396
226,0.2044974823551342,0.2623461640703702
227,0.20474705801578644,0.25924867124573087
228,0.2046758177156745,0.2597995886722811
229,0.20476503307747512,0.25826894060105876
230,0.20461622266940266,0.25795593458083826
231,0.20476513150929543,0.2601465573618531
232,0.20455795931357476,0.25806628329143
233,0.20449014587445838,0.2572976883148775
234,0.20436311254963016,0.261221895428692
235,0.2048606231368319,0.2581256047231323
236,0.20450657519134402,0.25983486219190366
237,0.2046280434631348,0.26030021421065536
238,0.20447970642737648,0.25881140729354707
239,0.2045779881514211,0.25985585430310176
240,0.20442679229974575,0.2569755197117902
241,0.2047104505870588,0.2590702696030069
242,0.2047351047150396,0.2589351690364314
243,0.20465176016872344,0.25819571488044124
244,0.20443440797023693,0.257920945123725
245,0.20451160688792558,0.25748466902873696
246,0.20501808401604665,0.2576967763955515
247,0.20423249102584515,0.26301738454031254
248,0.20503974262995048,0.2590451640941005
249,0.20507384036333837,0.25761996019141864
250,0.2038147611319536,0.2590314263350073
0,31.077497988212343,1.6204144779016165
1,1.3074775512406396,1.0553263487386413
2,1.2399541757625787,1.0635564663679928
3,1.2211367567885323,1.2898984376022722
4,1.1940279444968693,1.010897806963453
5,1.1290862680813964,0.9200909285323909
6,1.1108590485228043,1.0413910270273194
7,1.0734936813349298,1.2273745026120475
8,1.0744460354549288,0.947400185450678
9,0.9843766023075389,1.187002114143539
10,0.9767667861820503,0.9498540941313983
11,0.8787543370756852,0.7317281733157139
12,0.8188982202911783,0.7146430122544467
13,0.8018209792498692,0.757016906070668
14,0.7466162583974011,0.7045500788614999
15,0.7162702492566987,0.6578884070248301
16,0.6785298002037082,0.7148735971906652
17,0.6440489722176354,0.683759923748892
18,0.6045927362097567,0.5232612602873804
19,0.5902534588924099,0.6222964891130451
20,0.5582857216713214,0.503237614311761
21,0.5202900119966967,0.6721065305149453
22,0.5112641233982258,0.4575814129695901
23,0.49395255635183544,0.5038805548808132
24,0.47490313110506,0.4402583623435023
25,0.4462733525518359,0.4082505578149363
26,0.4322557078723241,0.5122322482815471
27,0.42643306817964055,0.5502139068661267
28,0.40038254370424836,0.3938990597538643
29,0.3949999678160013,0.3960218694183897
30,0.38932830322648504,0.4293391186599476
31,0.37307326604363505,0.4878393321087709
32,0.3632888936636731,0.34182099328573046
33,0.355718466204034,0.43694431419796076
34,0.35859182899131853,0.40720344804740294
35,0.34593020620640924,0.349700792474597
36,0.3382343870794796,0.3810092284216773
37,0.33097400248706366,0.3616703476717293
38,0.324113599517377,0.324286495548254
39,0.3175919971033646,0.4112410524240033
40,0.314717650496251,0.3910249461941898
41,0.3116453997719929,0.366067568048402
42,0.30691735715285823,0.33474629409620815
43,0.30483171901313383,0.42575360017348424
44,0.2974201666636297,0.29942464835779464
45,0.29691204725030107,0.3636282466819313
46,0.28807942795554925,0.32115183870941283
47,0.2894737033753756,0.3193931570634319
48,0.28485130571855877,0.3300052887338497
49,0.2799720569674816,0.3068790535747337
50,0.24975552083897826,0.2794693428487283
51,0.25035171613568524,0.2887618226895762
52,0.2488558095244079,0.2960037687390741
53,0.24755634308208868,0.3230296218303336
54,0.246613790571753,0.2745903206518589
55,0.2432365087738561,0.2912365261811958
56,0.24390825661320562,0.27666514227838573
57,0.24266379865183296,0.2820435655816783
58,0.2409728139794759,0.2765684572633912
59,0.24025320231312847,0.2794551150477659
60,0.23787231811131218,0.27630684214999957
61,0.24209701528691188,0.27562938650719937
62,0.2373427231466801,0.27543617317033386
63,0.23748267050732258,0.27542965457260554
64,0.23566542933950033,0.31745221020198855
65,0.2351647582665184,0.27081882155049647
66,0.23523471757423994,0.278587278249906
67,0.2334565194219098,0.27260918322166805
68,0.23543302126257182,0.2947850832961162
69,0.23227753666013093,0.28648293992224955
70,0.23228251890381987,0.2709641162598325
71,0.23501536714883473,0.26637262778562726
72,0.23213640998285098,0.2833526276315186
73,0.23084674425615304,0.267065999149695
74,0.23326878762240996,0.2663671409110091
75,0.2304423039158636,0.27119543838939264
76,0.22855592325203886,0.26719443457303843
77,0.23046915875305346,0.27520212782709846
78,0.2281775329184281,0.2696639668718495
79,0.22848337649959752,0.2706133171743282
80,0.22995311194664295,0.26421393053523545
81,0.22726286261192238,0.2811157547315018
82,0.22717194710319,0.2643186756709256
83,0.22646604634871126,0.2692587852077446
84,0.22727412686732282,0.2875826982940892
85,0.2255652175408553,0.2719525828726807
86,0.22640221823812567,0.2612340556252473
87,0.22688073938407255,0.30739499125791464
88,0.2268298131193766,0.27003450882505015
89,0.22430763835493853,0.26518712575754455
90,0.22685706079715007,0.2695616501783327
91,0.22440548757876624,0.26293411309079945
92,0.22658618769098668,0.26458378173493724
93,0.22360548293970936,0.2608287736500449
94,0.22353739955865398,0.2629952203602639
95,0.22442951465303249,0.26599712396381325
96,0.22102098310208337,0.2658333292118601
97,0.22314527704316053,0.2753119181549165
98,0.2241302199698181,0.2684629152450657
99,0.22248155458687432,0.2690933484378604
100,0.21640013970215738,0.2562885297779626
101,0.21585478545535117,0.256851189625491
102,0.2146233757779355,0.25688544356808823
103,0.21557399489931173,0.25651701031556073
104,0.2150701052930666,0.2574412444278003
105,0.21503682601086047,0.2583710615779148
106,0.21428850831026097,0.2590110299982626
107,0.21454327183046126,0.25485779370953726
108,0.2123042104224796,0.257328388567028
109,0.21443100337992088,0.2583173165412305
110,0.21372620829012218,0.2579705397843581
111,0.21432621476397087,0.25707263140627296
112,0.2129459502129345,0.2640883065763473
113,0.21399831701894786,0.2543880807807913
114,0.21396082450135007,0.2575231909209511
115,0.21285691792284378,0.2555571180223173
116,0.21274244978554152,0.2551365337214535
117,0.21366454746417038,0.25841344210492756
118,0.21302485833905827,0.2538129842663934
119,0.21318104427154871,0.25844324212403275
120,0.21329969982039995,0.2571342973994209
121,0.2128125926648871,0.25463993362635545
122,0.21400214680328597,0.2539670762314234
123,0.21302507538843976,0.25676338256977266
124,0.21241672850475177,0.2565247884779293
125,0.2140396360785042,0.2637132132344381
126,0.21227209160692748,0.2549494990514899
127,0.21252842260186364,0.2539990624059313
128,0.21205776869195944,0.2555110973409384
129,0.21349855768528245,0.25731160778109946
130,0.21175599254598013,0.25261009697459896
131,0.2122932089138039,0.2552985133457309
132,0.21258044139283283,0.253129994927983
133,0.21243115461047127,0.2548841437897322
134,0.2116102488261304,0.2554842197550288
135,0.21083383765550676,0.2556007422134562
136,0.2108360922904874,0.2585089337409754
137,0.21173534699472027,0.2550983800879299
138,0.21182286324266794,0.257168046166112
139,0.2117260288882123,0.25387969309347597
140,0.21259173488513256,0.2529159977829807
141,0.21254478487572623,0.25528425453446896
142,0.21159162019681244,0.2560571277633407
143,0.21189914897352577,0.2549146573489377
144,0.21115201426928512,0.25377486367521074
145,0.21177372367345865,0.25426058124470846
146,0.2116655274116948,0.25721906268213923
147,0.21087619817041095,0.25404296689363887
148,0.211479035120407,0.2536299306460499
149,0.21086776851975447,0.25337502656551714
150,0.2085650228061256,0.2521962648931858
151,0.20882609255442405,0.25157705621619314
152,0.2085368814758768,0.2511453858220821
153,0.20824449152886407,0.2546211746959214
154,0.2086135344940436,0.2510233181435897
155,0.2083740095195477,0.25297417565139524
156,0.2087561864446723,0.25282935256957334
157,0.20868852897742354,0.25371601764511736
158,0.20835455288721694,0.2525791409937523
159,0.2099682323679643,0.2513873298186378
160,0.20781629725043899,0.25179242107732047
161,0.2083393122922086,0.2521683937606102
162,0.20886993906388845,0.2517540188650069
163,0.2083910106298364,0.2521291614996332
164,0.2080104957243058,0.2549706227800485
165,0.20812787725030354,0.2543859267377892
166,0.20840790505571563,0.25270012726195107
167,0.20774085103668122,0.25305434045495684
168,0.20847953772933567,0.25271955720430256
169,0.20811432593286008,0.2516462753572559
170,0.2081249540492875,0.2508934266045656
171,0.20823931020966038,0.251672819501737
172,0.2077967065122653,0.25218216417936645
173,0.20780954432855733,0.251456395263232
174,0.20806327478582795,0.25164409197170645
175,0.20827029315761403,0.2524885355295363
176,0.20805073988836226,0.2561200333300629
177,0.20771680744813187,0.252000221976526
178,0.2079142314945586,0.2517214871406894
179,0.20811167610241776,0.2510438067618092
180,0.20895040654622937,0.25203705357440265
181,0.20823847890718025,0.25372829704437627
182,0.20800058413017938,0.2531965009353457
183,0.2082833438120764,0.2526102806451317
184,0.2075957271939159,0.2531548560204022
185,0.20784624587436168,0.25469221847335466
186,0.2083566376716527,0.2528006984388587
187,0.20735946684355183,0.25164373187769273
188,0.20818319875999802,0.2518765198211592
189,0.2076974608893304,0.2513742873736145
190,0.20818486074550577,0.2539112256380696
191,0.20792202988724914,0.2516108830768472
192,0.20778634057857204,0.2526589612371282
193,0.20767888697486922,0.25300892398080466
194,0.20754169090898447,0.253863275384818
195,0.20771501313721852,0.25451106996023753
196,0.20737055320862002,0.2514497659626023
197,0.20756710501880207,0.25148189378752944
198,0.20770584872532957,0.2513758594511602
199,0.2079601478826102,0.25104359733934273
200,0.20664670460363027,0.2507765121093963
201,0.20675106113613176,0.25125878153275794
202,0.20733074369480964,0.25194524375856575
203,0.2069821903687868,0.2516926272153382
204,0.20667406461741994,0.2510964161340516
205,0.20644371298679462,0.25101326352288794
206,0.20621425632821158,0.2504410786763408
207,0.20595357050496424,0.25354291111926336
208,0.2067407694600468,0.2523979949798508
209,0.20657975045609167,0.2517913609803649
210,0.20657255205182412,0.2516185561049271
211,0.20716377811667053,0.25222756944298624
212,0.20657121695583053,0.25264612985506624
213,0.20664342473359984,0.25111431926400135
214,0.20670037356281387,0.2512537436868794
215,0.20640615833432102,0.25261210413405516
216,0.20724827558965925,0.25201504817993253
217,0.20625453974386251,0.2514818458229775
218,0.20655098948511774,0.25097321469291717
219,0.20660347958536304,0.251732566024418
220,0.20645968400220827,0.2524660908600703
221,0.20642723204028612,0.2511999970181159
222,0.20656083330105904,0.25135074852426637
223,0.20658018353825777,0.25110558598933325
224,0.2064693547819556,0.250969042525468
225,0.2065714998002466,0.2507154006662538
226,0.20660319948244077,0.2513036963383915
227,0.2065218063401019,0.25140654862314216
228,0.20653495919498568,0.2509364848332828
229,0.20645232983972223,0.25164025746668384
230,0.2061385120324946,0.2508154229828788
231,0.2064567432440366,0.2506639738986056
232,0.20633131670998436,0.2516791710805214
233,0.20639622178341485,0.2507122608232933
234,0.20639573687238047,0.2512470428269622
235,0.20805049585078234,0.2521960486872564
236,0.20636476969093978,0.25152924036690094
237,0.2063007996714269,0.25201578677317094
238,0.20640513543334857,0.250992936242858
239,0.20626609945194296,0.25191041112602963
240,0.20655947345009307,0.2519606610175684
241,0.20636700990466905,0.25174683631515987
242,0.20623354178730016,0.2518240856830746
243,0.20621948718090669,0.25115279671863944
244,0.20627962388068438,0.2510471851905727
245,0.20627655705842304,0.2516648204598368
246,0.20638996143442273,0.2512772879737488
247,0.2061801509872565,0.25247838980230614
248,0.2062766243458651,0.2514141204251796
249,0.20616326010462124,0.2518046504587712
250,0.20577201839087592,0.2510852525455623
