# <Transmitter Set: Tx: 3 indoor wifi - Point 1> 
# <Receiver Set: Rx: 4 wifi small Rx > 
# <X(m)> <Y(m)> <Z(m)> <Distance(m)> <Power(dBm)> <Phase(deg)>
1 -9.5 -9.5 1.5 13.435 -96.5156 94.7462
2 -8.5 -9.5 1.5 12.7475 -106.803 143.056
3 -7.5 -9.5 1.5 12.1037 -104.07 133.633
4 -6.5 -9.5 1.5 11.5109 -111.241 125.363
5 -5.5 -9.5 1.5 10.9772 -103.419 94.2752
6 -4.5 -9.5 1.5 10.5119 -105.742 -121.799
7 -3.5 -9.5 1.5 10.1242 -108.949 -135.854
8 -2.5 -9.5 1.5 9.82344 -110.261 165.293
9 -1.5 -9.5 1.5 9.61769 -99.9169 117.082
10 -0.5 -9.5 1.5 9.51315 -101.401 130.723
11 0.5 -9.5 1.5 9.51315 -94.8033 76.9476
12 1.5 -9.5 1.5 9.61769 -97.8617 50.9593
13 2.5 -9.5 1.5 9.82344 -100.796 15.3144
14 3.5 -9.5 1.5 10.1242 -96.6022 128.162
15 4.5 -9.5 1.5 10.5119 -100.358 -152.109
16 5.5 -9.5 1.5 10.9772 -97.9267 102.054
17 6.5 -9.5 1.5 11.5109 -95.8093 -38.6315
18 7.5 -9.5 1.5 12.1037 -94.1487 -50.8605
19 8.5 -9.5 1.5 12.7475 -98.5191 28.9348
20 9.5 -9.5 1.5 13.435 -119.276 -5.55455
21 -9.5 -8.5 1.5 12.7475 -103.922 -33.9239
22 -8.5 -8.5 1.5 12.0208 -107.149 -76.2891
23 -7.5 -8.5 1.5 11.3358 -105.07 -135.408
24 -6.5 -8.5 1.5 10.7005 -102.026 67.9954
25 -5.5 -8.5 1.5 10.1242 -98.9486 -107.867
26 -4.5 -8.5 1.5 9.61769 -102.003 -26.8515
27 -3.5 -8.5 1.5 9.19239 -95.1351 8.71923
28 -2.5 -8.5 1.5 8.86002 -96.5357 26.2093
29 -1.5 -8.5 1.5 8.63134 -103.101 17.207
30 -0.5 -8.5 1.5 8.51469 -102.832 54.5599
31 0.5 -8.5 1.5 8.51469 -92.6243 24.7759
32 1.5 -8.5 1.5 8.63134 -95.2511 122.084
33 2.5 -8.5 1.5 8.86002 -93.9653 -70.0773
34 3.5 -8.5 1.5 9.19239 -95.8212 -22.644
35 4.5 -8.5 1.5 9.61769 -93.4896 47.1228
36 5.5 -8.5 1.5 10.1242 -97.0801 -111.732
37 6.5 -8.5 1.5 10.7005 -113.941 148.799
38 7.5 -8.5 1.5 11.3358 -98.1949 -60.0308
39 8.5 -8.5 1.5 12.0208 -94.0155 64.4949
40 9.5 -8.5 1.5 12.7475 -95.6405 -35.7689
41 -9.5 -7.5 1.5 12.1037 -106.7 175.715
42 -8.5 -7.5 1.5 11.3358 -109.038 -4.43574
43 -7.5 -7.5 1.5 10.6066 -110.056 89.8987
44 -6.5 -7.5 1.5 9.92472 -101.62 34.5021
45 -5.5 -7.5 1.5 9.30054 -96.902 -140
46 -4.5 -7.5 1.5 8.74643 -97.7768 -145.167
47 -3.5 -7.5 1.5 8.27647 -101.553 161.564
48 -2.5 -7.5 1.5 7.90569 -101.564 4.34852
49 -1.5 -7.5 1.5 7.64853 -92.9281 -178.296
50 -0.5 -7.5 1.5 7.51665 -100.357 25.1173
51 0.5 -7.5 1.5 7.51665 -94.1036 -12.235
52 1.5 -7.5 1.5 7.64853 -100.368 105.136
53 2.5 -7.5 1.5 7.90569 -94.0369 129.915
54 3.5 -7.5 1.5 8.27647 -105.826 135.112
55 4.5 -7.5 1.5 8.74643 -98.8289 -16.5566
56 5.5 -7.5 1.5 9.30054 -93.8958 121.886
57 6.5 -7.5 1.5 9.92472 -95.7917 13.3292
58 7.5 -7.5 1.5 10.6066 -106.968 40.2827
59 8.5 -7.5 1.5 11.3358 -101.694 54.0752
60 9.5 -7.5 1.5 12.1037 -95.7474 77.479
61 -9.5 -6.5 1.5 11.5109 -104.744 119.102
62 -8.5 -6.5 1.5 10.7005 -95.7004 123.862
63 -7.5 -6.5 1.5 9.92472 -95.9504 102.184
64 -6.5 -6.5 1.5 9.19239 -96.9678 65.9543
65 -5.5 -6.5 1.5 8.51469 -93.9137 -81.557
66 -4.5 -6.5 1.5 7.90569 -102.383 75.7593
67 -3.5 -6.5 1.5 7.38241 -95.6315 164.393
68 -2.5 -6.5 1.5 6.96419 -98.2201 -108.504
69 -1.5 -6.5 1.5 6.67083 -96.3986 78.222
70 -0.5 -6.5 1.5 6.5192 -129.911 -120.443
71 0.5 -6.5 1.5 6.5192 -96.5511 42.7795
72 1.5 -6.5 1.5 6.67083 -100.067 -13.7566
73 2.5 -6.5 1.5 6.96419 -94.9664 164.35
74 3.5 -6.5 1.5 7.38241 -94.1582 68.5638
75 4.5 -6.5 1.5 7.90569 -121.937 -52.7804
76 5.5 -6.5 1.5 8.51469 -97.0937 21.354
77 6.5 -6.5 1.5 9.19239 -92.4828 -4.43219
78 7.5 -6.5 1.5 9.92472 -92.4257 156.237
79 8.5 -6.5 1.5 10.7005 -94.9261 136.966
80 9.5 -6.5 1.5 11.5109 -100.642 -25.7973
81 -9.5 -5.5 1.5 10.9772 -86.4549 -59.5488
82 -8.5 -5.5 1.5 10.1242 -93.8423 -99.9366
83 -7.5 -5.5 1.5 9.30054 -94.1624 -24.5183
84 -6.5 -5.5 1.5 8.51469 -92.6426 -148.441
85 -5.5 -5.5 1.5 7.77817 -108.739 136.428
86 -4.5 -5.5 1.5 7.10634 -94.1582 84.9043
87 -3.5 -5.5 1.5 6.5192 -107.077 -162.629
88 -2.5 -5.5 1.5 6.04152 -110.944 -110.483
89 -1.5 -5.5 1.5 5.70088 -104.719 -118.369
90 -0.5 -5.5 1.5 5.52268 -106.744 -134.524
91 0.5 -5.5 1.5 5.52268 -94.8826 -60.4961
92 1.5 -5.5 1.5 5.70088 -112.375 -58.4688
93 2.5 -5.5 1.5 6.04152 -96.4596 -109.563
94 3.5 -5.5 1.5 6.5192 -93.1743 158.158
95 4.5 -5.5 1.5 7.10634 -93.0805 -130.122
96 5.5 -5.5 1.5 7.77817 -98.6461 132.757
97 6.5 -5.5 1.5 8.51469 -105.793 -103.607
98 7.5 -5.5 1.5 9.30054 -104.484 35.486
99 8.5 -5.5 1.5 10.1242 -93.0905 -87.3127
100 9.5 -5.5 1.5 10.9772 -92.7326 5.71839
101 -9.5 -4.5 1.5 10.5119 -86.0777 -14.685
102 -8.5 -4.5 1.5 9.61769 -87.8422 4.7815
103 -7.5 -4.5 1.5 8.74643 -92.544 73.414
104 -6.5 -4.5 1.5 7.90569 -99.5517 92.8838
105 -5.5 -4.5 1.5 7.10634 -91.8705 154.79
106 -4.5 -4.5 1.5 6.36396 -99.4573 176.436
107 -3.5 -4.5 1.5 5.70088 -98.3832 71.6486
108 -2.5 -4.5 1.5 5.14782 -99.2815 -56.0424
109 -1.5 -4.5 1.5 4.74342 -99.5451 163.432
110 -0.5 -4.5 1.5 4.52769 -100.353 -27.7422
111 0.5 -4.5 1.5 4.52769 -94.3829 -41.1058
112 1.5 -4.5 1.5 4.74342 -93.4512 -42.5653
113 2.5 -4.5 1.5 5.14782 -108.132 143.679
114 3.5 -4.5 1.5 5.70088 -94.1355 -91.2624
115 4.5 -4.5 1.5 6.36396 -94.068 -104.827
116 5.5 -4.5 1.5 7.10634 -89.8731 -62.615
117 6.5 -4.5 1.5 7.90569 -92.2224 -92.0142
118 7.5 -4.5 1.5 8.74643 -92.4711 157.775
119 8.5 -4.5 1.5 9.61769 -91.5301 -69.6295
120 9.5 -4.5 1.5 10.5119 -91.8961 -26.7794
121 -9.5 -3.5 1.5 10.1242 -82.3679 -154.507
122 -8.5 -3.5 1.5 9.19239 -79.3422 65.0793
123 -7.5 -3.5 1.5 8.27647 -81.7928 175.521
124 -6.5 -3.5 1.5 7.38241 -86.7452 -136.963
125 -5.5 -3.5 1.5 6.5192 -98.6701 176.194
126 -4.5 -3.5 1.5 5.70088 -91.0568 63.17
127 -3.5 -3.5 1.5 4.94975 -96.484 175.627
128 -2.5 -3.5 1.5 4.30116 -102.547 160.918
129 -1.5 -3.5 1.5 3.80789 -92.1021 169.284
130 -0.5 -3.5 1.5 3.53553 -92.8981 -168.903
131 0.5 -3.5 1.5 3.53553 -98.2035 41.4057
132 1.5 -3.5 1.5 3.80789 -91.2969 114.03
133 2.5 -3.5 1.5 4.30116 -91.0736 134.884
134 3.5 -3.5 1.5 4.94975 -100.12 -1.10503
135 4.5 -3.5 1.5 5.70088 -87.6098 119.76
136 5.5 -3.5 1.5 6.5192 -106.769 43.781
137 6.5 -3.5 1.5 7.38241 -96.1748 161.245
138 7.5 -3.5 1.5 8.27647 -95.7172 17.5511
139 8.5 -3.5 1.5 9.19239 -96.4375 163.194
140 9.5 -3.5 1.5 10.1242 -97.4793 -136.749
141 -9.5 -2.5 1.5 9.82344 -77.5604 -66.5212
142 -8.5 -2.5 1.5 8.86002 -79.7418 -91.8801
143 -7.5 -2.5 1.5 7.90569 -77.2808 -76.9242
144 -6.5 -2.5 1.5 6.96419 -77.3921 85.1883
145 -5.5 -2.5 1.5 6.04152 -78.9544 -8.06785
146 -4.5 -2.5 1.5 5.14782 -81.6052 -44.6634
147 -3.5 -2.5 1.5 4.30116 -87.4616 117.277
148 -2.5 -2.5 1.5 3.53553 -96.9061 -47.2965
149 -1.5 -2.5 1.5 2.91548 -90.098 -116.461
150 -0.5 -2.5 1.5 2.54951 -89.3748 41.6534
151 0.5 -2.5 1.5 2.54951 -84.6838 153.768
152 1.5 -2.5 1.5 2.91548 -86.0565 -149.612
153 2.5 -2.5 1.5 3.53553 -91.5742 -122.544
154 3.5 -2.5 1.5 4.30116 -92.5556 -114.021
155 4.5 -2.5 1.5 5.14782 -97.1148 -159.191
156 5.5 -2.5 1.5 6.04152 -91.8845 34.6821
157 6.5 -2.5 1.5 6.96419 -88.2639 -14.4599
158 7.5 -2.5 1.5 7.90569 -88.5502 -101.994
159 8.5 -2.5 1.5 8.86002 -90.4194 139.752
160 9.5 -2.5 1.5 9.82344 -92.3618 -5.17035
161 -9.5 -1.5 1.5 9.61769 -77.8086 -8.8733
162 -8.5 -1.5 1.5 8.63134 -75.9201 155.189
163 -7.5 -1.5 1.5 7.64853 -75.9532 103.718
164 -6.5 -1.5 1.5 6.67083 -76.674 -16.9209
165 -5.5 -1.5 1.5 5.70088 -75.8985 68.1542
166 -4.5 -1.5 1.5 4.74342 -75.6331 -48.6256
167 -3.5 -1.5 1.5 3.80789 -74.5517 42.8131
168 -2.5 -1.5 1.5 2.91548 -79.7798 -78.2856
169 -1.5 -1.5 1.5 2.12132 -88.8389 -43.7264
170 -0.5 -1.5 1.5 1.58114 -97.6907 113.82
171 0.5 -1.5 1.5 1.58114 -95.4467 -118.13
172 1.5 -1.5 1.5 2.12132 -93.7668 19.7155
173 2.5 -1.5 1.5 2.91548 -89.4576 105.567
174 3.5 -1.5 1.5 3.80789 -95.702 81.4462
175 4.5 -1.5 1.5 4.74342 -91.3571 -60.7523
176 5.5 -1.5 1.5 5.70088 -91.4599 159.119
177 6.5 -1.5 1.5 6.67083 -88.5322 -62.8906
178 7.5 -1.5 1.5 7.64853 -90.1972 33.1484
179 8.5 -1.5 1.5 8.63134 -92.6211 101.682
180 9.5 -1.5 1.5 9.61769 -95.0364 145.76
181 -9.5 -0.5 1.5 9.51315 -75.4383 -14.3767
182 -8.5 -0.5 1.5 8.51469 -75.5267 -63.1297
183 -7.5 -0.5 1.5 7.51665 -74.4074 -131.448
184 -6.5 -0.5 1.5 6.5192 -73.3173 122.453
185 -5.5 -0.5 1.5 5.52268 -72.1201 -52.0689
186 -4.5 -0.5 1.5 4.52769 -69.2439 15.7067
187 -3.5 -0.5 1.5 3.53553 -68.3398 -117.585
188 -2.5 -0.5 1.5 2.54951 -66.1267 29.0256
189 -1.5 -0.5 1.5 1.58114 -64.8027 -17.4766
190 -0.5 -0.5 1.5 0.707107 -82.9352 -24.3997
191 0.5 -0.5 1.5 0.707107 -95.2269 -173.084
192 1.5 -0.5 1.5 1.58114 -93.9737 126.953
193 2.5 -0.5 1.5 2.54951 -92.3728 8.94698
194 3.5 -0.5 1.5 3.53553 -90.3436 -168.997
195 4.5 -0.5 1.5 4.52769 -91.0697 -34.1953
196 5.5 -0.5 1.5 5.52268 -90.3149 54.5707
197 6.5 -0.5 1.5 6.5192 -91.1594 101.352
198 7.5 -0.5 1.5 7.51665 -91.3407 124.764
199 8.5 -0.5 1.5 8.51469 -90.9918 110.494
200 9.5 -0.5 1.5 9.51315 -92.2625 64.0926
201 -9.5 0.5 1.5 9.51315 -75.5749 -17.9998
202 -8.5 0.5 1.5 8.51469 -75.1742 -63.2857
203 -7.5 0.5 1.5 7.51665 -74.3012 -130.428
204 -6.5 0.5 1.5 6.5192 -73.4843 123.18
205 -5.5 0.5 1.5 5.52268 -72.2131 -51.8828
206 -4.5 0.5 1.5 4.52769 -69.1835 15.6884
207 -3.5 0.5 1.5 3.53553 -68.326 -117.913
208 -2.5 0.5 1.5 2.54951 -66.1702 28.9701
209 -1.5 0.5 1.5 1.58114 -64.8483 -17.3776
210 -0.5 0.5 1.5 0.707107 -82.8955 -25.7117
211 0.5 0.5 1.5 0.707107 -92.5765 -166.002
212 1.5 0.5 1.5 1.58114 -94.0857 124.429
213 2.5 0.5 1.5 2.54951 -92.3234 12.1273
214 3.5 0.5 1.5 3.53553 -90.2857 -171.788
215 4.5 0.5 1.5 4.52769 -91.1934 -36.4991
216 5.5 0.5 1.5 5.52268 -90.2856 56.0477
217 6.5 0.5 1.5 6.5192 -91.0631 99.8695
218 7.5 0.5 1.5 7.51665 -92.0469 124.835
219 8.5 0.5 1.5 8.51469 -91.3428 105.76
220 9.5 0.5 1.5 9.51315 -92.4609 63.8871
221 -9.5 1.5 1.5 9.61769 -77.3936 -10.1696
222 -8.5 1.5 1.5 8.63134 -75.1948 158.421
223 -7.5 1.5 1.5 7.64853 -75.9468 102.03
224 -6.5 1.5 1.5 6.67083 -76.3806 -15.9717
225 -5.5 1.5 1.5 5.70088 -75.8418 67.67
226 -4.5 1.5 1.5 4.74342 -75.6688 -47.6188
227 -3.5 1.5 1.5 3.80789 -74.6025 42.7078
228 -2.5 1.5 1.5 2.91548 -79.8129 -78.2019
229 -1.5 1.5 1.5 2.12132 -87.2714 -43.8914
230 -0.5 1.5 1.5 1.58114 -95.1701 125.879
231 0.5 1.5 1.5 1.58114 -94.1514 -98.1958
232 1.5 1.5 1.5 2.12132 -94.9581 28.9493
233 2.5 1.5 1.5 2.91548 -90.6138 101.365
234 3.5 1.5 1.5 3.80789 -93.4199 80.5126
235 4.5 1.5 1.5 4.74342 -91.3191 -72.0321
236 5.5 1.5 1.5 5.70088 -93.2012 167.018
237 6.5 1.5 1.5 6.67083 -89.5669 -53.3792
238 7.5 1.5 1.5 7.64853 -90.1446 48.2414
239 8.5 1.5 1.5 8.63134 -90.8933 114.182
240 9.5 1.5 1.5 9.61769 -92.4695 156.344
241 -9.5 2.5 1.5 9.82344 -78.1896 -65.0807
242 -8.5 2.5 1.5 8.86002 -79.9389 -92.9324
243 -7.5 2.5 1.5 7.90569 -76.8457 -78.1588
244 -6.5 2.5 1.5 6.96419 -77.1088 83.9211
245 -5.5 2.5 1.5 6.04152 -79.0638 -9.18186
246 -4.5 2.5 1.5 5.14782 -81.5277 -37.9188
247 -3.5 2.5 1.5 4.30116 -86.9202 119.36
248 -2.5 2.5 1.5 3.53553 -93.1096 -37.775
249 -1.5 2.5 1.5 2.91548 -90.9602 -122.784
250 -0.5 2.5 1.5 2.54951 -91.1854 41.9703
251 0.5 2.5 1.5 2.54951 -85.6455 156.381
252 1.5 2.5 1.5 2.91548 -87.1551 -150.767
253 2.5 2.5 1.5 3.53553 -92.6771 -134.2
254 3.5 2.5 1.5 4.30116 -93.3339 -131.59
255 4.5 2.5 1.5 5.14782 -94.6129 -166.786
256 5.5 2.5 1.5 6.04152 -93.0791 57.3791
257 6.5 2.5 1.5 6.96419 -89.1447 -11.3844
258 7.5 2.5 1.5 7.90569 -90.3044 -98.9247
259 8.5 2.5 1.5 8.86002 -92.864 137.147
260 9.5 2.5 1.5 9.82344 -95.1232 -10.4673
261 -9.5 3.5 1.5 10.1242 -82.6327 -152.076
262 -8.5 3.5 1.5 9.19239 -79.7304 67.1436
263 -7.5 3.5 1.5 8.27647 -81.8648 176.742
264 -6.5 3.5 1.5 7.38241 -86.0967 -137.976
265 -5.5 3.5 1.5 6.5192 -86.1452 133.33
266 -4.5 3.5 1.5 5.70088 -90.9538 21.3655
267 -3.5 3.5 1.5 4.94975 -92.2007 93.777
268 -2.5 3.5 1.5 4.30116 -91.0942 19.2349
269 -1.5 3.5 1.5 3.80789 -93.372 163.523
270 -0.5 3.5 1.5 3.53553 -95.1177 179.805
271 0.5 3.5 1.5 3.53553 -97.1378 15.5486
272 1.5 3.5 1.5 3.80789 -92.7025 124.573
273 2.5 3.5 1.5 4.30116 -89.5211 140.213
274 3.5 3.5 1.5 4.94975 -96.7041 24.8929
275 4.5 3.5 1.5 5.70088 -88.1408 124.478
276 5.5 3.5 1.5 6.5192 -100.16 70.5318
277 6.5 3.5 1.5 7.38241 -95.0454 -179.081
278 7.5 3.5 1.5 8.27647 -93.9991 11.2827
279 8.5 3.5 1.5 9.19239 -94.9295 137.441
280 9.5 3.5 1.5 10.1242 -100.123 -146.156
281 -9.5 4.5 1.5 10.5119 -86.1453 -8.42023
282 -8.5 4.5 1.5 9.61769 -89.4494 2.64888
283 -7.5 4.5 1.5 8.74643 -86.2198 128.03
284 -6.5 4.5 1.5 7.90569 -95.5005 -89.6227
285 -5.5 4.5 1.5 7.10634 -93.8817 -150.384
286 -4.5 4.5 1.5 6.36396 -103.389 143.758
287 -3.5 4.5 1.5 5.70088 -92.4282 27.8404
288 -2.5 4.5 1.5 5.14782 -91.9476 148.522
289 -1.5 4.5 1.5 4.74342 -97.7825 32.4586
290 -0.5 4.5 1.5 4.52769 -108.923 -120.773
291 0.5 4.5 1.5 4.52769 -94.6099 -0.385347
292 1.5 4.5 1.5 4.74342 -119.899 150.328
293 2.5 4.5 1.5 5.14782 -91.9189 88.5762
294 3.5 4.5 1.5 5.70088 -93.6371 -99.3166
295 4.5 4.5 1.5 6.36396 -93.9932 -106.614
296 5.5 4.5 1.5 7.10634 -89.8452 -64.6686
297 6.5 4.5 1.5 7.90569 -92.4855 -90.5499
298 7.5 4.5 1.5 8.74643 -92.4322 157.37
299 8.5 4.5 1.5 9.61769 -91.5827 -67.9846
300 9.5 4.5 1.5 10.5119 -92.7353 -26.9869
301 -9.5 5.5 1.5 10.9772 -86.5116 -46.7128
302 -8.5 5.5 1.5 10.1242 -89.8245 -107.012
303 -7.5 5.5 1.5 9.30054 -94.4922 -47.6637
304 -6.5 5.5 1.5 8.51469 -93.5384 -145.895
305 -5.5 5.5 1.5 7.77817 -103.541 157.432
306 -4.5 5.5 1.5 7.10634 -93.8249 77.769
307 -3.5 5.5 1.5 6.5192 -101.3 56.21
308 -2.5 5.5 1.5 6.04152 -93.0118 173.016
309 -1.5 5.5 1.5 5.70088 -99.4874 -56.6925
310 -0.5 5.5 1.5 5.52268 -98.4649 -40.4654
311 0.5 5.5 1.5 5.52268 -88.4495 -78.6405
312 1.5 5.5 1.5 5.70088 -93.2158 -18.5443
313 2.5 5.5 1.5 6.04152 -91.7977 -116.866
314 3.5 5.5 1.5 6.5192 -92.2031 155.79
315 4.5 5.5 1.5 7.10634 -98.7324 -128.775
316 5.5 5.5 1.5 7.77817 -91.6665 162.682
317 6.5 5.5 1.5 8.51469 -93.1475 -144.031
318 7.5 5.5 1.5 9.30054 -94.8073 100.985
319 8.5 5.5 1.5 10.1242 -92.9553 -92.8522
320 9.5 5.5 1.5 10.9772 -92.1857 -6.22158
321 -9.5 6.5 1.5 11.5109 -98.2775 1.35293
322 -8.5 6.5 1.5 10.7005 -97.7991 141.554
323 -7.5 6.5 1.5 9.92472 -96.7803 108.89
324 -6.5 6.5 1.5 9.19239 -95.9656 91.0851
325 -5.5 6.5 1.5 8.51469 -95.4542 -88.3141
326 -4.5 6.5 1.5 7.90569 -101.657 75.9569
327 -3.5 6.5 1.5 7.38241 -97.1516 162.98
328 -2.5 6.5 1.5 6.96419 -96.7468 -114.326
329 -1.5 6.5 1.5 6.67083 -96.4832 64.5248
330 -0.5 6.5 1.5 6.5192 -103.144 21.0287
331 0.5 6.5 1.5 6.5192 -96.9339 124.813
332 1.5 6.5 1.5 6.67083 -94.2898 20.5405
333 2.5 6.5 1.5 6.96419 -93.7522 160.635
334 3.5 6.5 1.5 7.38241 -106.543 54.5755
335 4.5 6.5 1.5 7.90569 -94.1246 113.885
336 5.5 6.5 1.5 8.51469 -99.4163 126.32
337 6.5 6.5 1.5 9.19239 -91.9437 21.2926
338 7.5 6.5 1.5 9.92472 -93.1833 151.922
339 8.5 6.5 1.5 10.7005 -97.8619 136.975
340 9.5 6.5 1.5 11.5109 -108.249 -144.899
341 -9.5 7.5 1.5 12.1037 -102.395 -112.751
342 -8.5 7.5 1.5 11.3358 -111.657 -173.822
343 -7.5 7.5 1.5 10.6066 -99.4262 -150.838
344 -6.5 7.5 1.5 9.92472 -99.1166 38.3284
345 -5.5 7.5 1.5 9.30054 -98.4853 -127.319
346 -4.5 7.5 1.5 8.74643 -97.0518 -123.916
347 -3.5 7.5 1.5 8.27647 -98.7109 -176.406
348 -2.5 7.5 1.5 7.90569 -106.818 15.3908
349 -1.5 7.5 1.5 7.64853 -96.1273 166.302
350 -0.5 7.5 1.5 7.51665 -114.276 2.67286
351 0.5 7.5 1.5 7.51665 -93.3878 -19.8014
352 1.5 7.5 1.5 7.64853 -101.476 96.2106
353 2.5 7.5 1.5 7.90569 -98.848 137.355
354 3.5 7.5 1.5 8.27647 -93.0616 158.865
355 4.5 7.5 1.5 8.74643 -96.8007 48.7316
356 5.5 7.5 1.5 9.30054 -92.5265 124.636
357 6.5 7.5 1.5 9.92472 -97.2575 32.5371
358 7.5 7.5 1.5 10.6066 -98.0195 130.792
359 8.5 7.5 1.5 11.3358 -94.1194 3.44367
360 9.5 7.5 1.5 12.1037 -91.9422 50.8081
361 -9.5 8.5 1.5 12.7475 -132.413 57.9873
362 -8.5 8.5 1.5 12.0208 -107.417 -36.7382
363 -7.5 8.5 1.5 11.3358 -103.668 -87.0526
364 -6.5 8.5 1.5 10.7005 -101.834 25.4066
365 -5.5 8.5 1.5 10.1242 -105.324 -43.2326
366 -4.5 8.5 1.5 9.61769 -104.747 -103.061
367 -3.5 8.5 1.5 9.19239 -100.383 -3.74146
368 -2.5 8.5 1.5 8.86002 -98.2026 15.1977
369 -1.5 8.5 1.5 8.63134 -104.156 64.2394
370 -0.5 8.5 1.5 8.51469 -99.6694 57.7938
371 0.5 8.5 1.5 8.51469 -92.7317 25.7877
372 1.5 8.5 1.5 8.63134 -94.9895 120.739
373 2.5 8.5 1.5 8.86002 -93.7792 -48.5172
374 3.5 8.5 1.5 9.19239 -97.6059 -26.8577
375 4.5 8.5 1.5 9.61769 -92.9082 44.2397
376 5.5 8.5 1.5 10.1242 -94.7772 -94.6382
377 6.5 8.5 1.5 10.7005 -95.6648 153.789
378 7.5 8.5 1.5 11.3358 -124.566 139.154
379 8.5 8.5 1.5 12.0208 -98.7006 57.3892
380 9.5 8.5 1.5 12.7475 -95.7099 -39.3621
381 -9.5 9.5 1.5 13.435 -111.401 32.4604
382 -8.5 9.5 1.5 12.7475 -108.032 -125.572
383 -7.5 9.5 1.5 12.1037 -108.269 -50.1878
384 -6.5 9.5 1.5 11.5109 -105.967 15.2539
385 -5.5 9.5 1.5 10.9772 -126.134 65.1149
386 -4.5 9.5 1.5 10.5119 -109.355 -159.912
387 -3.5 9.5 1.5 10.1242 -109.126 155.359
388 -2.5 9.5 1.5 9.82344 -125.358 90.2705
389 -1.5 9.5 1.5 9.61769 -102.272 118.618
390 -0.5 9.5 1.5 9.51315 -99.3054 147.927
391 0.5 9.5 1.5 9.51315 -98.8753 131.171
392 1.5 9.5 1.5 9.61769 -99.8725 38.5454
393 2.5 9.5 1.5 9.82344 -99.2744 36.8755
394 3.5 9.5 1.5 10.1242 -98.2679 128.106
395 4.5 9.5 1.5 10.5119 -99.3429 -158.279
396 5.5 9.5 1.5 10.9772 -98.1479 99.0568
397 6.5 9.5 1.5 11.5109 -95.7674 -38.6553
398 7.5 9.5 1.5 12.1037 -94.4204 -52.6382
399 8.5 9.5 1.5 12.7475 -98.6827 2.56827
400 9.5 9.5 1.5 13.435 -98.2461 133.567
