0,25.200952616669746,2.802376418839338
1,1.3407171506925188,1.168405074200114
2,1.2539828297685778,1.6196055393674096
3,1.1989902955078653,1.3770072940385303
4,1.184841363163667,1.301628132597937
5,1.0988847022462713,1.2566641408710326
6,1.0316410110522396,0.8736724538916504
7,0.9599244332920464,0.8219165831585143
8,0.9409022756573656,0.8844979248480819
9,0.8917414357625764,0.7729259432551265
10,0.8140660801909236,0.8183659725934224
11,0.7617970820421164,0.7222604981908487
12,0.738306693764748,0.6311521727836393
13,0.6864900503070794,0.6803027565342892
14,0.6392602972157022,0.6059842983713357
15,0.6173084392968574,0.584041599749899
16,0.584036997428029,0.48894788897629676
17,0.5474912576436771,0.49361765724281664
18,0.5148530877267495,0.4746651650857389
19,0.5009737789615201,0.4565736032816059
20,0.4695303327012719,0.4211226672560879
21,0.4529434080948784,0.49026152199064976
22,0.4389177459942146,0.42229671193053697
23,0.4142493863722365,0.3747057794876996
24,0.40690613853384866,0.3539491948005414
25,0.39037659518049417,0.3842919027057855
26,0.38296681161685076,0.5025874704425866
27,0.3666347990506021,0.3567407702586548
28,0.3636702177177487,0.344868734688549
29,0.35091338088921065,0.39486171847873114
30,0.34917747777559394,0.2994765996671493
31,0.3382611230871522,0.300921726432587
32,0.3280466356261342,0.3080087472763733
33,0.3297575226289429,0.30051037824645427
34,0.313957539293685,0.3306942433893722
35,0.32020552741137304,0.33024777007214096
36,0.3082814454786227,0.28563004757941185
37,0.30190521632378375,0.2877740697727301
38,0.3082965078729961,0.2817667323423613
39,0.29495865259454696,0.2654634749818361
40,0.29027791475044434,0.2675494040178958
41,0.2913257309523319,0.27501836487903325
42,0.2907811619321196,0.2895210571644813
43,0.2816337628073516,0.28565964469782973
44,0.2786399738652058,0.26248544543924246
45,0.2778222099099979,0.266989817532555
46,0.2766421569766361,0.24993579350663925
47,0.2720407991545562,0.27337128162592167
48,0.26925175348542485,0.2530070098247535
49,0.2698104446455512,0.3341588182474809
50,0.2426374437842259,0.2523005635608957
51,0.24131279414029844,0.24351113666253044
52,0.23959581633043836,0.23766098048840423
53,0.24062799761621187,0.23597189525275672
54,0.23848715258532013,0.24161851734640444
55,0.2391445922641825,0.25383714284758696
56,0.23938744448997107,0.23891114162596025
57,0.23604742423530148,0.2288849832195401
58,0.23587462291384068,0.23538403846235134
59,0.23527197122287277,0.2405487221858444
60,0.23489171615114193,0.22909250621687927
61,0.23412334784366684,0.2476945945318508
62,0.23376893640483185,0.24120051521513644
63,0.23256257819918327,0.22939546610404626
64,0.2323281365683877,0.24102291928547342
65,0.2311525899324685,0.22933197697970262
66,0.23139806151772457,0.24306331879520657
67,0.2291509641340468,0.22795534472128542
68,0.23094434670707698,0.2265306263670715
69,0.2294035481124592,0.23727840645193166
70,0.23012423562630463,0.22779080547147706
71,0.22837683598505876,0.2309429622292164
72,0.22813008767242843,0.22188921279404794
73,0.22886124889162635,0.2346428321355756
74,0.22857011453907944,0.2327728269405861
75,0.22734028202217957,0.22108723488575915
76,0.22640329966806585,0.22796970171796388
77,0.22639306747379515,0.2201110298812184
78,0.22698319740285877,0.22088338950683883
79,0.2263115200473717,0.2217021532884891
80,0.22638294589687796,0.21742982820367893
81,0.22513230613180057,0.2277790180222352
82,0.22605188658559808,0.22807896861617016
83,0.2268273556112284,0.2204698669075829
84,0.22609125991689577,0.21871286607575224
85,0.22401451621485308,0.2195387318530277
86,0.22524599816753496,0.22355063151917465
87,0.22373971009930382,0.21824102609133
88,0.22523168347365277,0.22195327507396614
89,0.22283954061563174,0.2354364824904936
90,0.22443611715973869,0.23167971185556008
91,0.2235254546933353,0.2217006763926277
92,0.22276894087142682,0.24097148583598701
93,0.22179675875416557,0.21605288970327322
94,0.22331896185977346,0.21828883006137886
95,0.22221102059655243,0.21822336663297007
96,0.22205974048287333,0.21771436364842914
97,0.22480653015825816,0.2259429629700977
98,0.22401106859620293,0.22363353138209557
99,0.2197023548225418,0.222835807746388
100,0.2168989757264916,0.21406759358183639
101,0.21541514714437537,0.21611742307960422
102,0.21548668248694872,0.2158812647743038
103,0.21540797642291631,0.21197123825477013
104,0.21592344400669763,0.21378701328241945
105,0.21440789390966455,0.21611651252214356
106,0.21448192851313902,0.21152714913601572
107,0.21457205418992673,0.21370951563213833
108,0.21563898020218797,0.21186966795940804
109,0.21484647433450196,0.22299165947506172
110,0.21501258319516703,0.21286688753484082
111,0.2149117335930712,0.21362900206351998
112,0.21502998460316594,0.2114656547004878
113,0.21436410621661905,0.21299278908885916
114,0.21457360602698067,0.21428399557151942
115,0.21441145562983557,0.21236100073604922
116,0.2145624890471916,0.21762749144613414
117,0.217028343354448,0.21266205259300913
118,0.21387825762720933,0.2127209796014071
119,0.21409145699586105,0.2139007512230347
120,0.21358006290292636,0.21738667837227624
121,0.2148832965293197,0.2123610198510385
122,0.21303822611155568,0.2171692247986654
123,0.213934055626033,0.2116634028116119
124,0.2150640840168751,0.21338705578603892
125,0.21359195197169803,0.21477371902048453
126,0.21289817400118244,0.22002098506628667
127,0.21365270700404462,0.21599818077488517
128,0.21386953090604519,0.21544058982937522
129,0.2135929729814274,0.2107733904662603
130,0.21362561733547586,0.21594193850306917
131,0.2140424846474076,0.2160643477708923
132,0.2132288060419013,0.21566016472550772
133,0.21386408738895402,0.2130002346163039
134,0.21353241621013436,0.2104212415789009
135,0.2133718210709681,0.2110913452455318
136,0.21227615835360703,0.21237421834163397
137,0.213311186973059,0.2107189357166803
138,0.21335095980484628,0.21124677305596878
139,0.2126038401909437,0.21116946632538275
140,0.2140232613317029,0.21073500907609707
141,0.2129587943915398,0.2119237645494158
142,0.21261017614977284,0.21779767728490088
143,0.21321686531217646,0.21509193725416131
144,0.21312438119780117,0.2138573251193156
145,0.21324441270664585,0.21286349136749566
146,0.2131806215726595,0.21387235716354264
147,0.213229224516563,0.21566072851594253
148,0.21352659323821632,0.2142437602989088
149,0.2126513863183741,0.21232289764938464
150,0.2108008185121896,0.2112363579055955
151,0.21059997518473356,0.21137246296204396
152,0.21109887888193157,0.2105415717992513
153,0.2103744272063863,0.2104452572134079
154,0.2116716600326353,0.21015830439046615
155,0.21086837839058944,0.21016654422558614
156,0.21038996389312578,0.21093541407070418
157,0.21038048107631432,0.2125507458672183
158,0.2108640543088894,0.20983056452108328
159,0.210801604423016,0.21194300447170367
160,0.20974582025947155,0.21523840194039756
161,0.21088308149785548,0.20872332059397547
162,0.21082029824492235,0.21278965897956567
163,0.21101062109090138,0.21011386564184198
164,0.21029329520281403,0.21114181273322435
165,0.21037072088494005,0.2100747130148067
166,0.21019122844226806,0.21108824586283848
167,0.21136136370486988,0.21402829011630461
168,0.21020193349097532,0.21132784355250983
169,0.20991667029321814,0.2132561826773348
170,0.21115237207761411,0.20889442012336196
171,0.2098292072696141,0.21245739297937713
172,0.21000502136906365,0.21145804533719215
173,0.21043486645095622,0.21165297191504795
174,0.2099582509851835,0.2153064482828713
175,0.2104471291182198,0.21101958655573463
176,0.21025629136404836,0.20961968938515918
177,0.20992589920740595,0.21102632597960408
178,0.2098279965445526,0.21209865398045785
179,0.21038819561184524,0.2122607708852287
180,0.20985205519120773,0.21056836293865935
181,0.21038274920637076,0.21030910529126376
182,0.2099916064273869,0.21174484391639622
183,0.2098074861938255,0.21180304192471527
184,0.2102916281489185,0.21064965726398344
185,0.2100064795192054,0.21398362973554805
186,0.21022823242129207,0.2118595768587942
187,0.20990451940061527,0.2104975947097383
188,0.20956238543863767,0.21075186551956931
189,0.20946918447783056,0.21202644400671666
190,0.20965639134545794,0.21109886590241625
191,0.20993270973886358,0.21059945867703944
192,0.21031277232270043,0.21180312884030625
193,0.20957931106424624,0.2143934303160601
194,0.21086008800873446,0.21051745945626216
195,0.20987375725434324,0.20953619641412594
196,0.20978898249949116,0.21070471687282477
197,0.21026215137246881,0.21108233218505126
198,0.2099218523376209,0.21139256886898955
199,0.20977727470444257,0.21249397870733475
200,0.20918833304330386,0.20950672952790847
201,0.20908155351420663,0.21036753841664133
202,0.20893909824681625,0.2094027411065879
203,0.20909661363675913,0.21057076832595378
204,0.20907592533195574,0.2105183503797456
205,0.20964106538886426,0.2112255225197303
206,0.20894615367426056,0.2090129023506433
207,0.20914514550944396,0.21073838825495914
208,0.20901601053175278,0.20976872653809392
209,0.20986200839286034,0.2099840950638642
210,0.20919079124226433,0.21008698010773358
211,0.20891902243572677,0.21063134091452287
212,0.21013882909619286,0.21075834052283055
213,0.20901546092750076,0.21122843597517507
214,0.2089345741354072,0.20964175361518803
215,0.20901186291269178,0.2100947973465861
216,0.20900244522747718,0.21016054605736298
217,0.20921308371945185,0.2108267748922838
218,0.20890815312314814,0.21029895682974775
219,0.20901344251316786,0.21047097853040636
220,0.20958924653338265,0.21077296178082885
221,0.2095461690638531,0.21002799338038242
222,0.20894446493140148,0.2108911114288216
223,0.2089473118017308,0.21136839696415455
224,0.208769643128345,0.2119294350058289
225,0.20915673549708938,0.21089748602878738
226,0.20891876507924265,0.21026577714774028
227,0.20895455543599784,0.21059901339286796
228,0.2089191149070994,0.21134626563896056
229,0.20901583226780596,0.20995469811873999
230,0.20894976973405277,0.2113595749548672
231,0.21010035751717915,0.21048729190504012
232,0.20902244230511258,0.21084804419855116
233,0.2086236152310533,0.20997098471328193
234,0.20943632067067305,0.20979375779884532
235,0.20888593334432617,0.21000814941664248
236,0.2087820587059828,0.21020895677794493
237,0.208854079685415,0.21075910474599815
238,0.20939193322301133,0.21050715323322705
239,0.2087050364252991,0.21078119200515047
240,0.20914231443048634,0.211365530333631
241,0.20886831864728175,0.2100456063388066
242,0.20875162250140875,0.211004755605755
243,0.2092543984121526,0.21133403251707364
244,0.20868799641589827,0.21052557254725654
245,0.2090525251292837,0.21058622699138488
246,0.20885894108012176,0.21113129721620433
247,0.20882637211470328,0.21050924769673535
248,0.2089161471552526,0.2105296107088912
249,0.2088113345484189,0.2102761400309701
250,0.20840792720202694,0.21029486996850763
0,29.122269445012446,1.6683237364126748
1,1.2702393074821803,1.1151159814436997
2,1.187291964581047,1.134099807350507
3,1.1585001138193531,1.4544170571052064
4,1.233703965428258,2.0654585977097715
5,1.1377547739769984,1.164534933903955
6,1.0383826815694206,0.8994700588546316
7,0.9944598051963568,1.0892758019709388
8,0.968873377155773,0.8748479914265118
9,0.9206717031623016,0.8107515320956155
10,0.8405480149329115,0.7761351411453155
11,0.8010652247641482,0.7792153117117614
12,0.7655009805160895,0.6331333845151904
13,0.7154371775844027,0.6220233476150829
14,0.6584752223060579,0.5916046099687332
15,0.6322163860909361,0.5943714402702815
16,0.6006752998138991,0.4926938690298859
17,0.5726722006666685,0.48814939934808527
18,0.5365975680832804,0.55966284172939
19,0.5224664111290599,0.4722272444819936
20,0.49945006266730196,0.48346272586414274
21,0.4721601112505342,0.4190175785655326
22,0.4608109645426469,0.4399448525906709
23,0.4405936417291924,0.40206900045067695
24,0.43300418521786727,0.3785853991790795
25,0.4185295470348964,0.34787102996800706
26,0.39993722639191526,0.518657065886346
27,0.39634376164557855,0.36046746628277615
28,0.376558866217491,0.3752436603850485
29,0.3737007931519207,0.3986739470403923
30,0.36979351065747773,0.3239433140900557
31,0.3531381369743282,0.3278454938534629
32,0.3495050869366823,0.3231831329495156
33,0.34645215436562155,0.3090283850876206
34,0.3318651575772284,0.37012694691714265
35,0.33300029642628765,0.31779574446223985
36,0.3227878423912497,0.2947986453283625
37,0.31519450915726294,0.3143822550811003
38,0.3190251602364465,0.29507383435323437
39,0.3112254754196867,0.2828483990750417
40,0.3028961105769599,0.28298855169574944
41,0.3007484952571756,0.28397466581341085
42,0.3001596215498776,0.27270650082968306
43,0.28822782221283666,0.2896009942584383
44,0.29011017235830555,0.27833636010394536
45,0.28727500283278284,0.2746886995292086
46,0.2865339328819529,0.25926024442715856
47,0.28105464826469484,0.27880970145465034
48,0.27594893044799534,0.26988808088021304
49,0.2748233591114952,0.34220335368817956
50,0.2486797359165311,0.25981652672171035
51,0.24671055863163888,0.24472979798624825
52,0.2454377642734278,0.2477389806247796
53,0.2451929817903504,0.2439122618178068
54,0.2438561404671269,0.24348756930932666
55,0.24431680796733196,0.2769419033457235
56,0.2426109254262606,0.25011211585131254
57,0.24150189162131616,0.24679242067852622
58,0.23999294363317486,0.23336788653142404
59,0.23987793952536388,0.24654876186315833
60,0.23960355049521723,0.2357558418903839
61,0.23795401102174318,0.2419433859103678
62,0.2377817629265392,0.253692189077546
63,0.23743899646652789,0.23399365687102489
64,0.23506058520335638,0.23320064373754104
65,0.23540472578549357,0.22944881379628784
66,0.23697395832737048,0.2428512917711875
67,0.23334282011255705,0.23286150145313766
68,0.23383430308525327,0.23804479583000215
69,0.23437850380747252,0.22879898541673638
70,0.23204686860488535,0.23405873806217398
71,0.2314129078397959,0.23742109985076995
72,0.23079936147058958,0.2261319834388033
73,0.23319625918143533,0.2381987852033364
74,0.2313181663342768,0.2429442500861454
75,0.23090328715224054,0.22919108636331806
76,0.23095228996774647,0.2310192290764444
77,0.22957441164514697,0.22614207802881986
78,0.22987056085784785,0.22698696978481606
79,0.2296381430445044,0.22876032829781753
80,0.2304123130501896,0.22315689250051693
81,0.22822178494157222,0.2431741536990581
82,0.22893753156167937,0.23070246575555223
83,0.22881018103715436,0.22496936336515702
84,0.22843083623691193,0.22223788358986735
85,0.2260004091415826,0.2235121581637618
86,0.22736249469245798,0.23231020181078102
87,0.226299049784183,0.2195338359398675
88,0.22848205365418578,0.2216573869284502
89,0.2279773513103783,0.2756275197798392
90,0.2270646776369821,0.22263082133405454
91,0.22572823572975614,0.2304115544616236
92,0.22512129636459166,0.2516398173956613
93,0.22391222148922474,0.220996050178382
94,0.22457433382721728,0.22791945070146477
95,0.22567179826008868,0.2307105318271323
96,0.22461497938492817,0.22062672348045734
97,0.22591585083230198,0.2250590133679861
98,0.22678433399824524,0.22415725245482596
99,0.2216902319677337,0.2309316288521709
100,0.21802378452268628,0.22023683506986083
101,0.2168474217783042,0.21589890458875646
102,0.21681204148139188,0.21884492514135512
103,0.2167647634371967,0.21528145953863198
104,0.21687233294258174,0.2163906028826577
105,0.21552387222290087,0.22004084828931644
106,0.21587972937430122,0.21638252731831506
107,0.21534374331980982,0.2190084663933375
108,0.2167489255151499,0.21540360223692315
109,0.2159603666467243,0.22415394805381741
110,0.21679253667240742,0.21908473438614723
111,0.21574101788735586,0.220557007358473
112,0.21639620039058813,0.21646963874362732
113,0.21570247381541444,0.21812652650655806
114,0.21572956270214574,0.2190046475647245
115,0.21556437672608253,0.2160587600366502
116,0.2157152816055444,0.2167952816736304
117,0.21602508309421609,0.21581416874258388
118,0.21521506516973876,0.21224611450387768
119,0.215198109118568,0.21737766999176966
120,0.2146765666035564,0.2195887614595259
121,0.21674944853746317,0.21635126559330753
122,0.21404082754861528,0.22008394233232165
123,0.2149340950640685,0.21658129015753297
124,0.21618612886391272,0.214149088020647
125,0.21464506385447252,0.21655409888128946
126,0.21367254169847663,0.22665698367168158
127,0.21478054517307588,0.22428594208466604
128,0.2147760057771611,0.21917883128703902
129,0.2145244469091832,0.21381923074092965
130,0.2145293321152259,0.21927461341327223
131,0.21511839384766873,0.2194518199568644
132,0.2143111021537985,0.2169672862897606
133,0.21507088778871988,0.216610291403147
134,0.21441767011646254,0.21345901179212273
135,0.21493139128362437,0.21342512298291638
136,0.21289734951684652,0.21426912462270392
137,0.21429506630113293,0.21311933697807497
138,0.21374780321799167,0.21522315411443332
139,0.21351010877423235,0.2152765858294734
140,0.21471567045786652,0.21374927309648417
141,0.2132458131871179,0.21522187853517807
142,0.21369166534306028,0.21889301776949324
143,0.2142199079359513,0.2185774120812598
144,0.21383806084583226,0.2175935628224137
145,0.21385288580518907,0.2179987781816521
146,0.21394558226390267,0.2191721710525759
147,0.21383871130588353,0.22057351412936185
148,0.21488763883369255,0.2156043504316832
149,0.2133320242612518,0.2174675854667646
150,0.21121849277469848,0.21436317679448738
151,0.21111374648911754,0.21464529409286515
152,0.21165963596876516,0.21622425643173204
153,0.21088177131994915,0.21528139848645048
154,0.2121957298958579,0.21386389127394675
155,0.21145630865762594,0.21310382888419452
156,0.2108890799611939,0.2145717005140061
157,0.21080379862137283,0.21565386334957193
158,0.21134363751532395,0.21475279625598284
159,0.21139543472690403,0.21446988229761565
160,0.210161821753385,0.2177918495760763
161,0.21139076100199725,0.21202946263110153
162,0.21129176648938178,0.21595374133064957
163,0.21146871824921698,0.21409635157342352
164,0.21074787491016925,0.21537711331934548
165,0.21085661236366407,0.21260733468056242
166,0.21061444323505701,0.21405390830766516
167,0.21177604787089652,0.2185963942249182
168,0.21073132139752784,0.21406627182121576
169,0.21049060101202433,0.21676630037371072
170,0.21156976168385136,0.2135733388622082
171,0.21022700265769903,0.21561657779572602
172,0.2103786819031871,0.21476241991749973
173,0.21089737628847688,0.21575339668939367
174,0.21028119462501266,0.2160003042402952
175,0.21091772313776458,0.21453455755724243
176,0.21073686233967534,0.2144914298511685
177,0.21038826789344123,0.21440504494348386
178,0.21020076756567493,0.21459364580608625
179,0.2103662486561076,0.2150149827549933
180,0.21034585258999555,0.21280221017347667
181,0.21174426959810383,0.21350517450399267
182,0.21030800524346474,0.21504425285081452
183,0.21021890843028268,0.2140094558561017
184,0.2110112390486325,0.21392452033007506
185,0.2103955661105251,0.21741934430554433
186,0.2113026934231983,0.21428962370751578
187,0.21029335990379372,0.2135720232925438
188,0.21000634342018,0.21540357993706208
189,0.20982575342790516,0.21300758699736697
190,0.21014577433404083,0.21519862591920982
191,0.21029785586846494,0.21324300604209978
192,0.2107009657116506,0.21408702213682423
193,0.21002427229918988,0.2170278018561277
194,0.21126581163909686,0.21354122251050883
195,0.21025519153738026,0.2129650113898452
196,0.21014665021906564,0.2161418718003759
197,0.2106494233687147,0.2135469199747912
198,0.21028768634040754,0.21738177092741215
199,0.20989119235325215,0.21545379927340508
200,0.2094385241832096,0.21292002574143934
201,0.20938216353310563,0.21358421639478262
202,0.20918921077453065,0.21284859032033174
203,0.20938010235018034,0.2137916499516816
204,0.2093638172052437,0.21330443457147905
205,0.20990288613863345,0.21486063255063098
206,0.20922071117526925,0.21275954683762238
207,0.2094238517367442,0.213635198438542
208,0.20925651406601212,0.21321379325406511
209,0.210135797246814,0.21317344730602747
210,0.20946264941371653,0.21350490698399474
211,0.2091750798176672,0.21387553017609476
212,0.21044207140027035,0.213801956971067
213,0.209267313141941,0.21410929739704804
214,0.20921770225674546,0.212565249374017
215,0.20926239358727672,0.2129167612873564
216,0.20930305376868302,0.2132649128351704
217,0.20948658458791855,0.21310451840046876
218,0.20916565142679577,0.21338234455891586
219,0.209250384279998,0.21317775503428238
220,0.20986112253670813,0.21361422903911917
221,0.20980243777913554,0.2138327770692962
222,0.2091963489552473,0.21394739528172593
223,0.2092084096540538,0.2149798716943978
224,0.20902694317908624,0.21520281306086197
225,0.20942050662224362,0.21444235522885466
226,0.20914685251242252,0.2127146466429186
227,0.20934183988839047,0.2140548280127282
228,0.20914405505901298,0.21344143002613755
229,0.20927125521179551,0.21304289726141237
230,0.20917761502555018,0.2142239396387361
231,0.21034188208869753,0.21359953468561005
232,0.2092904257826229,0.2136543277275693
233,0.20885527516344066,0.2132066604905651
234,0.20975593084927072,0.21374464811851002
235,0.20935252929679735,0.21266806385195178
236,0.2089951910649065,0.21361082994385658
237,0.20922380234659446,0.21288135966710692
238,0.20961553532421467,0.2135612593698259
239,0.2089186992785571,0.21327147425624046
240,0.20955904904263908,0.21501329440370243
241,0.20909332489670568,0.21273301630498379
242,0.2089984828054037,0.21357410146594644
243,0.2094770052030408,0.21391923673079086
244,0.2089188885254436,0.21307811528097473
245,0.2096195725062757,0.2133931211364394
246,0.20913788097920577,0.214358261380019
247,0.209212522345891,0.21357905953136816
248,0.20913973875314396,0.2133640960262909
249,0.20903483844072884,0.21277354363869036
250,0.20859940743408326,0.21306964145147309
0,29.122269445012446,1.6683237366446741
1,1.27023930748827,1.1151159814595744
2,1.1872919645781643,1.1340998073627704
3,1.1585001138184463,1.4544170571056863
4,1.2337039654270592,2.065458597473824
5,1.137754773966582,1.1645349338959405
6,1.038382681565633,0.8994700588653237
7,0.9944598051898972,1.0892758018895201
8,0.9688733771506632,0.8748479914506948
9,0.9233531370200424,0.7567690828072356
10,0.8529194039450257,0.7989865905371848
11,0.7955831113879629,0.7225478838697069
12,0.7628746510755844,0.648112470428865
13,0.7023821405624333,0.6306976849377008
14,0.6566745216574104,0.6119810038391943
15,0.6393483375578501,0.6869020479797034
16,0.6050588149506276,0.5064263367804193
17,0.5612593958245943,0.5537038879367059
18,0.5379782557568666,0.5219682762852462
19,0.5180727668216719,0.42761039562202546
20,0.4973121420111859,0.49704866436991874
21,0.46963769624193896,0.4393467125567262
22,0.4638261916013691,0.4433414877047495
23,0.4333159876274295,0.37881301445333304
24,0.4363415702147111,0.366675750681112
25,0.4222254486054828,0.35574565454940044
26,0.39390625693214615,0.49909600650343533
27,0.39231109908484363,0.3784631976281
28,0.3813572576145605,0.35695273614534423
29,0.3736153246984985,0.391639336302911
30,0.36513676890274843,0.31443238080431063
31,0.35066248935633126,0.3132467557335499
32,0.3451010786170924,0.32787460231144333
33,0.343713955996933,0.3132473829363627
34,0.3303381595294703,0.34709828856276054
35,0.330398274340756,0.30798387981898484
36,0.31900873523811735,0.28882161234023607
37,0.315045423985137,0.3699876431175337
38,0.3181351330917159,0.27895833993951796
39,0.3058931440976261,0.28007980169892205
40,0.305052657078831,0.2659748810939431
41,0.29825510220539064,0.2683664448584507
42,0.30107787371016487,0.2772734231093034
43,0.2886747588260309,0.2840780976976041
44,0.2867783818202103,0.2687083715742082
45,0.28742443662252815,0.2792871275274212
46,0.2930303668404144,0.25801340792748123
47,0.27366815634836095,0.2859101757739791
48,0.2801471395088429,0.2863003525604828
49,0.27442264213286865,0.34203447486581323
50,0.24957826201562003,0.25525471797930105
51,0.24610583663165603,0.23933936327223038
52,0.2447970292868992,0.24990880663585838
53,0.24532494696005963,0.2431465683658272
54,0.2427283156335673,0.24106761904994967
55,0.2425641465308256,0.2719242761149433
56,0.24266062179507672,0.2424745733042981
57,0.24053628168899446,0.23103898505077433
58,0.23923024624622646,0.2357735257362153
59,0.2386904426958633,0.24841447130875347
60,0.2388733982960634,0.23929382352306233
61,0.23841066455692633,0.24211771138026464
62,0.23810620600576302,0.2525123279057529
63,0.23697287053876714,0.23294486468097889
64,0.2359195036258631,0.23906022678610359
65,0.23417777580309515,0.2301970393577322
66,0.2357721646643592,0.2387450445701629
67,0.23379382149067285,0.24034982640558336
68,0.23339121537194166,0.243365625263754
69,0.23391260930492117,0.23085836254029407
70,0.23216792267706773,0.2296871769930008
71,0.23252041460583225,0.2408776029482374
72,0.2310720614867276,0.22884609737523834
73,0.23343075426502222,0.24824246652667162
74,0.23124803241592132,0.2564611360448646
75,0.23039896146889458,0.22799071851083116
76,0.23020153778000835,0.2340568640141249
77,0.2287799248130241,0.22243219963282782
78,0.22942479487607303,0.2288223119748783
79,0.23093371420037287,0.22356637164185314
80,0.22961983007507417,0.22337218362619837
81,0.22847773106779992,0.2306493717804992
82,0.22779156123845942,0.22853777983732182
83,0.22905746539823033,0.22557579146217355
84,0.2282320334861291,0.22413539958639245
85,0.22682398208022514,0.2265195850933906
86,0.22684199004386882,0.23053070744947837
87,0.22569470096183933,0.22013766021258802
88,0.22804371041079669,0.22165230020053264
89,0.22610605587093702,0.24672036851189919
90,0.22584562461097832,0.2305571240595947
91,0.22580656828064732,0.23407130581665975
92,0.224639135213371,0.24712483555594475
93,0.22467281503356012,0.21962142965468376
94,0.22390017864727582,0.22452188692640884
95,0.2262260106103418,0.22837857847143617
96,0.224844456077407,0.2176021110473532
97,0.22499534768805274,0.22578227078415533
98,0.22625370672607942,0.22542891991147354
99,0.2243194274579293,0.23166317140884382
100,0.2180320720357998,0.2208558625817235
101,0.21665924119100763,0.21735253975130261
102,0.21684689298172602,0.2182622988728092
103,0.21671279147456088,0.21540850732233408
104,0.21670330223473874,0.21751385562009076
105,0.21539216668549166,0.21939889830276324
106,0.21582973048776502,0.21528980400416872
107,0.2155410803822898,0.21786507625562965
108,0.2167151784985553,0.21691743826690849
109,0.21611826350195387,0.22140025598632834
110,0.21603646131638102,0.21683052941164838
111,0.21671737534718005,0.21863367973140693
112,0.21627337162868718,0.21582799222357002
113,0.21580445420603975,0.2185585687997051
114,0.216113226272174,0.21975465511740275
115,0.21525908616571643,0.21571288621403925
116,0.2156380054703641,0.21728214767586493
117,0.21630294466239944,0.21700702722700838
118,0.21510649306909405,0.2136843239929455
119,0.2151513005892733,0.21710761617363958
120,0.21474215511629355,0.22209531817292477
121,0.21585616794048051,0.21795172773277713
122,0.21381216332929287,0.21951082476770803
123,0.21452781439696636,0.22362811091662166
124,0.21578334706207355,0.2146697955110934
125,0.21444803741351945,0.2160655020279654
126,0.2142454195421859,0.2251006026389505
127,0.21438227441137006,0.22090961237364765
128,0.21471670782768632,0.217485146167544
129,0.21486846902279583,0.2146323323407378
130,0.2145178030826093,0.2175849676009832
131,0.2152400678820056,0.21572479796697713
132,0.21490741158036733,0.21762449063626807
133,0.2145436932207778,0.21755657119130575
134,0.21434290281243548,0.21346406518840497
135,0.21414079560792681,0.2137405909207785
136,0.21319924337652343,0.21577813035821125
137,0.21399665727025688,0.21378767704229026
138,0.21387502806036243,0.21481557944039015
139,0.2135314060485849,0.21626716554107644
140,0.21488873627654118,0.21375290447171416
141,0.21333485038105443,0.21633541144834761
142,0.21361433313174832,0.2201682004356439
143,0.2139773041784206,0.21575286795809948
144,0.21402531239442846,0.21610817695340015
145,0.21504127031023987,0.2166203863303728
146,0.21401883257799245,0.21668111501364568
147,0.21367158842875072,0.21624815052115806
148,0.21430966888983233,0.21394264235789567
149,0.21318809696606655,0.2136710700877133
150,0.21113969384739603,0.21446769007110555
151,0.21106858636346731,0.21427350722943247
152,0.21156367114752136,0.2146514217064026
153,0.21079543591494282,0.214267103367943
154,0.21215245086839038,0.21264155918652522
155,0.2113591392245782,0.21229900503482432
156,0.21094044570090276,0.2127929750775424
157,0.2107672884613165,0.21421110123597303
158,0.21133623302471577,0.21280698059147743
159,0.21126308232396732,0.21388828838941673
160,0.21013841473084147,0.215882145510224
161,0.21134108645566232,0.2123126458326045
162,0.21124827568567445,0.2145094265037321
163,0.21140983066212338,0.21288997573023835
164,0.21078610939592057,0.21501532247518454
165,0.21077817867049656,0.2116335354970194
166,0.2105780762876112,0.21323135630753692
167,0.21176443539773793,0.21601026930537617
168,0.210651154226004,0.2129859482713021
169,0.21035978751585505,0.2158912064467564
170,0.2115333525506445,0.21226532340095008
171,0.21025749971022414,0.21410727988844425
172,0.21038245336798775,0.21410863050483306
173,0.2108711166351453,0.21452572053702687
174,0.21021925628536048,0.21517482159733348
175,0.21089729033601684,0.21355756127008071
176,0.21058942903402816,0.2123375272431294
177,0.21035625119299953,0.21270910126816608
178,0.21020158062548244,0.2139694935119786
179,0.21022947917785736,0.21375434220844747
180,0.21029248685978863,0.21199042400223578
181,0.21084084211380577,0.2137692467789727
182,0.2104403044753307,0.2136106704200242
183,0.21011652348335993,0.21366817278489525
184,0.21064038361071616,0.21282292766052474
185,0.21043300007107033,0.21626147965212164
186,0.21062584299840653,0.21365942424881754
187,0.21025974004682219,0.21300977202616536
188,0.20996455337476255,0.21340102199887062
189,0.20981684526402464,0.21337735813918438
190,0.21003383453649013,0.2138810010924974
191,0.2102447008422796,0.21303471041991906
192,0.21069216834570745,0.213750631177735
193,0.20997409192820918,0.21742377868917803
194,0.21118802339769657,0.212850512229087
195,0.21023027892844043,0.21144491724781017
196,0.21009472731013068,0.2153132625581688
197,0.21058558842667008,0.21257294889483222
198,0.2102105054598857,0.21442871321197077
199,0.20980757192875543,0.21493379044417202
200,0.2094315912635658,0.21191367268973935
201,0.20931951992519757,0.21241981036422297
202,0.20915369487980653,0.21125240800422415
203,0.20934073826612246,0.2128110562715702
204,0.2093277868381929,0.21280313544492133
205,0.20987888226601742,0.21354420446067357
206,0.20913886423680123,0.2108878106641255
207,0.20940514410153258,0.21242137634671562
208,0.20921600413428615,0.21213986735309057
209,0.21010126122284542,0.21186163678492154
210,0.20942665211871647,0.2120121060908793
211,0.2090296544905754,0.2140489399932434
212,0.21064596614498532,0.21311071224789196
213,0.20938463739347002,0.21332619709263687
214,0.20924334527759042,0.2118850068734866
215,0.2092724287908472,0.21160668125584056
216,0.20924254753537905,0.21237706964020886
217,0.20945318541740807,0.21184693632929708
218,0.2091256298365064,0.21240840914554626
219,0.2092151646688763,0.2123050853339459
220,0.20984388342800228,0.21245617148852458
221,0.20975330674963508,0.2127410180687918
222,0.20917502839082674,0.2129500576108193
223,0.20916900741074676,0.21348288230107634
224,0.20899558012864258,0.2141766559037884
225,0.2093850257811629,0.21290511365888373
226,0.20913549409775992,0.21181243373588418
227,0.20919948291770984,0.21308525676947873
228,0.2091389480757805,0.21298541294876977
229,0.2092364957910263,0.2118327549079948
230,0.20915548031314907,0.21291713172156784
231,0.2103049121937066,0.2121385564672693
232,0.20924703117074175,0.212252958956969
233,0.208812701966217,0.21200081123351366
234,0.20966594306725875,0.2119892367321926
235,0.20909559849070344,0.2114832683911252
236,0.20897007747511148,0.2125450187083022
237,0.20892661421668784,0.21150437426444538
238,0.20985240310732886,0.21211267992180197
239,0.20896359229949607,0.21255081435301776
240,0.20946775189477249,0.21359304895593853
241,0.20916226316102135,0.21142278610848952
242,0.20904948581512484,0.21240648971750312
243,0.20950776225530937,0.2129570355395235
244,0.20885414912091246,0.21277034312982515
245,0.20940520829738224,0.21213442362180066
246,0.20913133575268314,0.21298215725257222
247,0.20907288200014013,0.21188933028184395
248,0.20912148691415303,0.21240854245003798
249,0.20900028631284961,0.21131072420152813
250,0.20857165557661683,0.2119723413564281
0,29.122269445012442,1.6683237367238575
1,1.2702393074907536,1.11511598146615
2,1.1872919645771285,1.1340998073681219
3,1.1585001138181739,1.4544170571006616
4,1.2337039654258906,2.0654585973910358
5,1.1340081630893812,1.0631112173641823
6,1.0358056839050507,0.8531739383104718
7,0.9885991070148918,0.8831144977244567
8,0.9656901486552545,0.8816727456584068
9,0.9133394983865185,0.7702615715742006
10,0.8382290404568944,0.7375258829585597
11,0.8052625800358042,0.7334650727977937
12,0.7771107241653388,0.634892022965565
13,0.6972845732637717,0.629342242550016
14,0.6582986477082331,0.5823981376505369
15,0.6314464045346558,0.6660256069690111
16,0.6048184154791335,0.5060304488149087
17,0.5700862490998647,0.4987037057156593
18,0.5396310100725189,0.5137533673673796
19,0.5220250289271312,0.43091280134447235
20,0.49418248759406064,0.48103982094587894
21,0.4717458390323097,0.4690187818544013
22,0.46215714254808843,0.44406076817299717
23,0.4345993682552629,0.37944334981693295
24,0.4325464460600763,0.3646993560803806
25,0.41136379141026763,0.3481821474116581
26,0.4019317522385489,0.5076163490732266
27,0.3900678897400598,0.34019527349938766
28,0.3810565148200196,0.3638459612757731
29,0.37242134689655004,0.370420702645926
30,0.3689176876173396,0.3296308462814682
31,0.354154302283965,0.31912296145664515
32,0.35074245204883736,0.33219955149131275
33,0.3516435729879597,0.32826077211954796
34,0.3358977142106008,0.3056122693867133
35,0.3350037568413697,0.32326712975483557
36,0.3245346943939481,0.2876506079170681
37,0.3177672377006879,0.3002332390327776
38,0.317157951821968,0.26979119229885035
39,0.30836606489434815,0.2835758931666913
40,0.3057652438590353,0.26752909345283754
41,0.30251710479260807,0.27817897860579643
42,0.3025456593309372,0.27002412665917735
43,0.2899166784519993,0.2956001510220388
44,0.29030900143614663,0.2858230489716757
45,0.286311465067935,0.2598580015879151
46,0.2901164927849831,0.2524365757788101
47,0.28127691731881355,0.2828459826562508
48,0.28031724610732367,0.32089938922139666
49,0.27741729205113314,0.34919605153489736
50,0.2517030631551734,0.245925749683508
51,0.247249809511051,0.24788751583938134
52,0.24635542043052694,0.24571286392611083
53,0.24652483918462537,0.2512345641106807
54,0.24396225038079639,0.2382024495519653
55,0.24369657464710537,0.2709046150688108
56,0.24400314798606754,0.24560598576346976
57,0.24123276897170648,0.2331304873910838
58,0.24147832908930247,0.23344266462108623
59,0.23977764755586276,0.24266922860566903
60,0.23977768963039547,0.24331165285903583
61,0.2389699921944595,0.24557459932756098
62,0.2377606236744119,0.24959332437841428
63,0.23829901695631153,0.2320566861266286
64,0.23771904400931387,0.2284788677491921
65,0.23527737474373067,0.23230408234178565
66,0.23614520982075343,0.22951541120000923
67,0.23414483377858772,0.235432208086841
68,0.23684962514783567,0.23068931438180232
69,0.2351322125181012,0.22003166557127063
70,0.23317277035754988,0.22916071275292665
71,0.23210280210838694,0.23386403518287138
72,0.23175519256307844,0.22170841463765342
73,0.23400535887310595,0.23197964913046754
74,0.23044603267734845,0.23451866752129988
75,0.23276084884723017,0.22611175852080276
76,0.2304516385879994,0.23594828478679739
77,0.22985999969123222,0.22078420363952367
78,0.23075196567234688,0.2270135496291926
79,0.23095056918933055,0.22847827765102033
80,0.23060262017267102,0.21934103597974247
81,0.2278923869035285,0.2327090042151106
82,0.22841713809272055,0.2264856743474719
83,0.22950685364200604,0.2224899212113878
84,0.22789385967676842,0.2231419071110785
85,0.2269713455826045,0.22621171926475647
86,0.22757221247741716,0.22248840124759334
87,0.22641920732947654,0.21882510229999647
88,0.2288062747250111,0.21769624702041823
89,0.22733813390470148,0.24320214474406032
90,0.22540532618266962,0.22253864849407923
91,0.2272232860209393,0.22907501043031372
92,0.22607381583426536,0.24485525036219627
93,0.2247270000747457,0.2219661119658093
94,0.2264161439087221,0.21536110351382554
95,0.22497289488446398,0.22388589178391827
96,0.22484410629846147,0.2165084966227796
97,0.22547332911321563,0.22141959210109996
98,0.22614634142208392,0.22400716309094434
99,0.22285378952443174,0.23345116447545392
100,0.21837474307081445,0.2178744449919756
101,0.21676973862877105,0.2135276563133831
102,0.21692989376027685,0.21332704334607377
103,0.21690496534036657,0.21245696742720654
104,0.21725267938575277,0.21531090572657827
105,0.21593446932030697,0.21811515328909067
106,0.21625167671553167,0.2125923393523314
107,0.21566889116425772,0.21474847678611253
108,0.2167807241815231,0.21605536841526668
109,0.21627388972369935,0.21882083791582257
110,0.21757581371052545,0.21473238270091602
111,0.21612555721800997,0.21728937680072405
112,0.2163984867868841,0.2124426880657563
113,0.21572786201573535,0.21499471171077708
114,0.21606446073078991,0.21636547487279384
115,0.21564472338053964,0.21320013452820588
116,0.21591614854366564,0.2172216330830464
117,0.21662681340098916,0.2127735840219299
118,0.2153205877676878,0.21175814731476225
119,0.2153514669646055,0.21485843124972567
120,0.21484277592394638,0.2184535628435308
121,0.21628468400820533,0.21288571270192377
122,0.21403330341354507,0.21754080752210367
123,0.2151789028580362,0.2132898129800226
124,0.21610059342376672,0.21300117326984674
125,0.21461072797351438,0.21432595987081532
126,0.21431138085778773,0.22503186149988952
127,0.2150289754916111,0.21513591351606354
128,0.21589960111867332,0.21522739985037992
129,0.21459980942659854,0.21301033140522024
130,0.21465102114217313,0.2172467493371133
131,0.21540131040297286,0.21395151876563656
132,0.21435396632825343,0.21455308066475479
133,0.21463937226963864,0.21318802143031684
134,0.2144857983150089,0.21084493770814638
135,0.21450258747789738,0.21130382538253714
136,0.21329979644105235,0.21241730243111082
137,0.21422578444179954,0.21151194680022986
138,0.21405866505022078,0.2109117120144617
139,0.21369680585369535,0.21426092405490263
140,0.2150705026970965,0.21172869577655187
141,0.21342529862327342,0.21177036017317152
142,0.21408638797130353,0.22120752331316426
143,0.21452389796717147,0.2172968876709323
144,0.2142356965801597,0.2131532885210134
145,0.2142343847926629,0.2131726269897802
146,0.2141870367942248,0.21494262574636486
147,0.21392104784366792,0.2163369048458083
148,0.21551041237824145,0.21270132964271232
149,0.21330781067644594,0.21111145749686477
150,0.21127705524816495,0.21068188733661106
151,0.2112102546399912,0.21172167324393482
152,0.21178037407100608,0.21045000600451164
153,0.21095405398834846,0.21110321852500138
154,0.21242108710670304,0.20941740219663565
155,0.2115021144828955,0.21044714868451433
156,0.21106976464460753,0.21052365381649601
157,0.211037991555607,0.21177336810155314
158,0.21152011667144036,0.21071254110832174
159,0.21207278915918276,0.21096782240666248
160,0.21034758226320757,0.21387502042246126
161,0.21145275414151168,0.20890980969126396
162,0.21166233614797106,0.2109518226113953
163,0.21155232799482035,0.21032950112229937
164,0.21088341160985033,0.2130534143666884
165,0.2109251950951452,0.20974036501768117
166,0.21077993259370165,0.210523231437055
167,0.21192946127375836,0.21574496638463617
168,0.21081965111235443,0.21006313064699714
169,0.2104880209235511,0.21254517597272832
170,0.21169965412075337,0.20938239946575038
171,0.21038864170459876,0.21207522039452587
172,0.21044580596990367,0.21184642346407973
173,0.21116962904720937,0.2119597218958562
174,0.21058333074924537,0.21206324267463167
175,0.21102153423322068,0.21090633708948214
176,0.2107977927668036,0.20904849486662797
177,0.21049219454309953,0.2101119733563261
178,0.2104027006521542,0.21122025887305756
179,0.21037373719331423,0.21101440445567923
180,0.2104224957881818,0.20923420695426162
181,0.21095915165560106,0.21058044576285276
182,0.21050413077894853,0.21140937088079456
183,0.21029113693674645,0.21079402226299662
184,0.21078635134144927,0.2093902468270739
185,0.2110375464184951,0.2135353163807461
186,0.2112699334836318,0.2107508562146734
187,0.21046095490821717,0.2104249142384388
188,0.21025702472347482,0.2115911770431001
189,0.21006300952282334,0.20939307325889234
190,0.210256280744911,0.21163083968651222
191,0.21053148579718467,0.20985296768741718
192,0.2109221281395086,0.21093120601771542
193,0.21015128663601834,0.21367260572856028
194,0.2114635052266314,0.20990543873848844
195,0.21103761827153664,0.20848358326214145
196,0.21025560872030424,0.2130948085727856
197,0.21076430338745186,0.21026199982563057
198,0.2104561313500123,0.21174603476490111
199,0.21011221514682718,0.21172679538505945
200,0.20957972549398618,0.20962827292810174
201,0.20948071304557275,0.20983648820828144
202,0.20931438058654536,0.20875427963910836
203,0.20951132807751607,0.20933214440030884
204,0.20947771345576569,0.20955890122540505
205,0.21001074469405598,0.21084440851289882
206,0.20930831020929758,0.2087708796191974
207,0.20953853113579216,0.20992176961228443
208,0.20934985865928724,0.20956527794882646
209,0.21021721962158843,0.20968518558889432
210,0.2095474130996008,0.2094930341617434
211,0.20923999871401391,0.20983920205927434
212,0.21053435209693613,0.2098104905491838
213,0.20934480238113906,0.20964815695816358
214,0.20926847234292764,0.20944579183912543
215,0.20932030996989723,0.20909160389381148
216,0.20935802276912116,0.20971464877301285
217,0.2095673780484694,0.2099119420929936
218,0.20923208481643782,0.20976047668319017
219,0.2093251326886088,0.20970894738880946
220,0.2099326596044918,0.20920754426246543
221,0.2098445860847026,0.20942147466765457
222,0.20929469695763184,0.20971218638214753
223,0.20927363166893528,0.2108097774556877
224,0.20911366278932655,0.2110480635783553
225,0.2094649707183785,0.20986955780107297
226,0.20921766789397142,0.20901704040963445
227,0.20926067374625412,0.20951480225768465
228,0.209232739754814,0.21010990490157558
229,0.20932165365603075,0.20944515233577918
230,0.2094036746813233,0.20951181913888334
231,0.2106300695201681,0.20988141515830214
232,0.20937808967144841,0.20917106483529732
233,0.20892331848911253,0.20909563076804474
234,0.20977214582384673,0.20912992392043292
235,0.20920569899681904,0.20850661228289727
236,0.2090750160739353,0.20991925697025104
237,0.20916890642872923,0.20937679767523767
238,0.20972482208574336,0.20934640804688148
239,0.20897100580362266,0.2103270737416762
240,0.2094759088158714,0.21023652164467202
241,0.2091924527267911,0.20867281690493167
242,0.20919386898162504,0.20912602094948507
243,0.20953335768778555,0.20977863639948888
244,0.20896164776924717,0.20911421006923803
245,0.20939358080423706,0.20912824910538907
246,0.20913959568289767,0.20902081655402693
247,0.20916539155900787,0.20937562021646372
248,0.2092032852441328,0.20969699630654426
249,0.20909151036250362,0.20876727942837656
250,0.20865215260711706,0.20894689555357915
0,29.122269445012456,1.6683237361314835
1,1.2702393074751783,1.1151159814291864
2,1.1872919645834854,1.134099807344163
3,1.1585001138195439,1.4544170571054411
4,1.233703965431348,2.0654585979560935
5,1.1377547739851794,1.1645349339104836
6,1.0337413751680113,0.8959207572430494
7,0.9962160195241343,0.8485395043538319
8,0.9534306727789105,0.9142681561775129
9,0.9166038374686308,0.7792076789234982
10,0.838398935442245,0.7919383061542604
11,0.8051244352800131,0.6991851769883102
12,0.7516353380413113,0.6787598184727298
13,0.7047166816116551,0.7665047445430443
14,0.6526598851550662,0.6092060654256428
15,0.6351911274251711,0.5698697333053312
16,0.5954722320906788,0.5288430768800203
17,0.563731929422264,0.5064639056779732
18,0.53596345183375,0.5027409006822795
19,0.5185998940855833,0.44963064879349834
20,0.49027474593515236,0.4695961663822609
21,0.4732596735150356,0.4631390702551497
22,0.4595013791124805,0.4592536194035603
23,0.43420221713889684,0.3742889579530756
24,0.4314182703311479,0.3969918847084539
25,0.41985207786665385,0.3569967905911555
26,0.39820447891247734,0.5095073280991567
27,0.39114702833006615,0.3505466654733631
28,0.3793017673125156,0.36381981486453396
29,0.37642564952958624,0.34593837538873257
30,0.3640077609550825,0.3119181682725731
31,0.35162661231040343,0.3160661699616887
32,0.34816240521244135,0.321696196684608
33,0.35067785701027,0.3126144595887579
34,0.328253646372341,0.3106003362047453
35,0.334115877908847,0.31295315639094806
36,0.32031304960015067,0.27540806940481416
37,0.3171687632211919,0.31331013728662316
38,0.3150907089452023,0.2673239241846066
39,0.30546149317110083,0.2732324603351073
40,0.307558783949484,0.2832217013120496
41,0.29804822438668765,0.26533808645161916
42,0.2972528678072464,0.29603581391579165
43,0.2886437830018756,0.30767085005851824
44,0.2881361151070959,0.2979774050014972
45,0.28320548292289094,0.2765840219610935
46,0.2911106598805732,0.25570381147008053
47,0.2775097167059888,0.26972208509647294
48,0.2781671905469015,0.26709737666400596
49,0.2775548919580309,0.3558009099701238
50,0.24935415181233458,0.2616891203470849
51,0.24739522087478077,0.24260427682945093
52,0.24473574350465413,0.24930281371853846
53,0.24481750843455094,0.2499046565755559
54,0.2433013567537707,0.23445316294945268
55,0.24482332386804295,0.2543104014751101
56,0.24243602325330352,0.24152575321435465
57,0.24002522296695922,0.22842108456088067
58,0.23929473347169308,0.23858337019887535
59,0.23967492794329182,0.25587000945262167
60,0.23953590994249077,0.2366721381627944
61,0.23894915956095197,0.23574229232026292
62,0.2362729981135797,0.24714972183018227
63,0.2371432451269566,0.2325945628238224
64,0.23662426031122882,0.2250331769034772
65,0.23446984023319772,0.2255540745652134
66,0.23383109972319116,0.22620330880682477
67,0.23336604516706463,0.23340029779192886
68,0.23410291822211407,0.2353368054910309
69,0.23312104624916988,0.22892512958740788
70,0.2321468109841869,0.22739954432951714
71,0.23369887986154256,0.23321084978431614
72,0.23029140457682082,0.22652470353319706
73,0.23281595257528198,0.2310263745285822
74,0.23136834531586287,0.2280200782576103
75,0.23074849868629282,0.22490611066619537
76,0.22983440880285208,0.22853127190064754
77,0.22881159457296657,0.22745383094313806
78,0.22998354569357218,0.22078075995633673
79,0.22930727347202848,0.22909454766111662
80,0.22960573148983007,0.22192246297699103
81,0.2287385641289528,0.23044463886551364
82,0.22902377288991202,0.22236945967056218
83,0.22972743332723716,0.2234216180094537
84,0.22878913512549726,0.21955898185289835
85,0.22681016281143598,0.22006766892522825
86,0.22629410645696668,0.22146789344825069
87,0.22647405170001234,0.21914937730736472
88,0.2274468297754551,0.21790838877619176
89,0.22690295034146218,0.24398530316169983
90,0.22805704577945243,0.22223397218675234
91,0.22698822316979017,0.23017361198384653
92,0.22479650662996942,0.25514132680215484
93,0.22529096525024017,0.22259538310509
94,0.22502114970121032,0.2164383943579704
95,0.22781629057108585,0.2219930468028088
96,0.22565327419199438,0.21489282321109435
97,0.2246379630780843,0.22084343975009776
98,0.22644070803081712,0.2195228551406195
99,0.22248832942553604,0.22916188193102852
100,0.21801953659982773,0.2157913230319462
101,0.21672688827998066,0.21324671300266695
102,0.21676375308209841,0.21362886835955822
103,0.21667496246824916,0.21094071555470797
104,0.21706487676133468,0.21373947068017135
105,0.21581257252304617,0.2146578048360794
106,0.21579424586300394,0.21197812268513075
107,0.21568191825727176,0.21343775754861782
108,0.21665148944247906,0.2114813071957649
109,0.21578426379597834,0.21711151095554668
110,0.21643837025115947,0.213317618284446
111,0.21552592198761011,0.21581259957427068
112,0.21634178515245908,0.21227022605728665
113,0.21563744059567405,0.21603253707823172
114,0.21578461833714976,0.21439122620063453
115,0.21532321282565278,0.21138042238072766
116,0.21561169823882448,0.21547744174075686
117,0.2162661777056953,0.21339074525450732
118,0.21497651439896176,0.21045806380169374
119,0.21508310060566926,0.2161264539315867
120,0.21479060923148047,0.21748196305459977
121,0.21731701835931116,0.2132067020110548
122,0.21351211107583637,0.21534910871064603
123,0.21464018842767504,0.21240892795599695
124,0.21585461666680622,0.2120237110343736
125,0.2147694751981884,0.214423811924591
126,0.21356156472288085,0.2176230479518711
127,0.21472748047937543,0.21769054605717156
128,0.2147005018819092,0.21423843053254218
129,0.2144146162825573,0.21006381560381757
130,0.21450242424616828,0.21753123899411939
131,0.21513808839658882,0.2208014003832495
132,0.21522169804565675,0.21374185327487147
133,0.2142146857048956,0.21232779998217557
134,0.21434418614403922,0.209538280479189
135,0.2146790482910674,0.2144211121351329
136,0.21366940013813676,0.21260368280571457
137,0.21411307415264366,0.21216708292739955
138,0.2138214087354225,0.21049982954919516
139,0.21340029250102702,0.21258834271692126
140,0.2147792749540966,0.21145686023273166
141,0.21348201007532483,0.21246574365930745
142,0.2137935596832253,0.22589657063582527
143,0.21395736271434163,0.21595744482781085
144,0.2140089437739323,0.21457207371083986
145,0.21408796700471694,0.21112982471647732
146,0.21407384160237664,0.21501727903630746
147,0.2135147798903146,0.21866027160101392
148,0.2147938727706216,0.21255267239894293
149,0.21323207275163958,0.21048863867255752
150,0.21124815420796542,0.21059004390083655
151,0.2110846442327906,0.21008847923082577
152,0.21159837789183383,0.209754329348458
153,0.21090200390227265,0.20981394853434931
154,0.2121862239283513,0.2090752529614463
155,0.211389923864715,0.20943746373565855
156,0.21092397650267192,0.21073275698993038
157,0.21085913505994025,0.21002133383878493
158,0.21136119573630976,0.20916307820247582
159,0.2113495633043943,0.2111267472242518
160,0.21024223474541107,0.21366340991159888
161,0.21141811399375252,0.2088596257085174
162,0.21130239391664968,0.2110928493675876
163,0.21152069669245546,0.20867635966845816
164,0.21077123650012408,0.20976968068900462
165,0.21082936484812834,0.20875774216743648
166,0.2106308052119795,0.210082385250069
167,0.2117898187995096,0.21523902971009423
168,0.21068942521514447,0.21022869918415793
169,0.21048510529747752,0.21291945152739664
170,0.2115969083768589,0.21000792938858837
171,0.21023006495110186,0.2114897728436353
172,0.21048060605019467,0.21108444763875842
173,0.2111558225149821,0.21160333563743872
174,0.21030633723463746,0.21225089180440423
175,0.2109107381520841,0.20971730787609877
176,0.21073895000321946,0.20981334601436055
177,0.21037013224174836,0.20960521094375548
178,0.21025597768273677,0.21036062368175074
179,0.21036263777481984,0.2104087749426862
180,0.2103905311827285,0.2086885687219413
181,0.21101183823678885,0.20994960401432378
182,0.21047808546532126,0.21073755669957608
183,0.21019195273351918,0.210854640659567
184,0.2106589757289935,0.20902609759198637
185,0.21044613555499614,0.2121348977418099
186,0.2109331911233456,0.2106216536658374
187,0.21027059445896548,0.2094932853922067
188,0.21000706078098624,0.2089656285375535
189,0.210161174071771,0.21086930493503003
190,0.21018098788053835,0.21064374224530347
191,0.21027717907022486,0.20920017672155602
192,0.21077534546046772,0.2102542215090868
193,0.21002197412133317,0.21306451611729788
194,0.21123403161235563,0.20979564229144362
195,0.21025750755154077,0.20856950462743493
196,0.21016001635884723,0.21041225686005371
197,0.21058994191676927,0.20965209569229126
198,0.21031287833661777,0.20928381617619402
199,0.2102943173044649,0.21145340139316923
200,0.20945287067829693,0.20878489137676148
201,0.2093950916461629,0.21010036883799119
202,0.20923813648986306,0.208178462579743
203,0.20938265658031285,0.20891254662202996
204,0.20938840980251205,0.2094218168227124
205,0.2099361448710554,0.20961517434589996
206,0.20920769573397663,0.20801331959849326
207,0.2094406313550859,0.2094322256918547
208,0.20928772721818442,0.20877346197220198
209,0.21012769670717343,0.208834513455874
210,0.2094930714154914,0.2089412509484155
211,0.20919750292496833,0.20931187269668847
212,0.21043865189334726,0.20876739692146
213,0.20930425041051165,0.20949840627599708
214,0.2092111357176295,0.2086724973959161
215,0.209277530461428,0.20813750828662914
216,0.20930607722500708,0.2089204711970163
217,0.20950306502835808,0.2086523462199776
218,0.20917115154210705,0.20937673258726583
219,0.20925776010878108,0.20919049564682554
220,0.20986743910203629,0.2092101177722073
221,0.20982714691169593,0.20881815763971412
222,0.20922722584376247,0.2096025623019495
223,0.20924050273625136,0.2104597842890568
224,0.20904256085428294,0.21021085504959733
225,0.20943009522703762,0.20954613369625286
226,0.20918414724661052,0.2084315849688829
227,0.20919021343213962,0.20960841023832213
228,0.20918199053771458,0.20923842203942358
229,0.2092964410778639,0.20899361306118133
230,0.20920644431951335,0.20936715512536125
231,0.21035543128134387,0.20922883766770559
232,0.20928812410304753,0.20860032724550331
233,0.208866988682454,0.2084696156274375
234,0.20971488963573803,0.2095693943455971
235,0.20914704601272888,0.20836471956015243
236,0.20903138594410284,0.20987402871534788
237,0.20909697567325927,0.20914824526845316
238,0.20966253598849108,0.20922288875011272
239,0.2089385589767953,0.2090538935416231
240,0.2094208457660851,0.20911111603304075
241,0.20912513464785584,0.2082994184625578
242,0.2090349775009843,0.20913531193198256
243,0.20948063316266724,0.20934851500956433
244,0.20891330318026635,0.2092666096005506
245,0.20932354129306,0.2090075139995095
246,0.20910102579291714,0.20948788082943534
247,0.20908005663825205,0.2089444971908712
248,0.20916368081386327,0.20947531391839022
249,0.20906065351191222,0.2085033978113807
250,0.20860888696686342,0.2087481854949137
